"charged(side chain can make salt bridges)","Polar(usually participate in hydrogen bonds as proton donnars & acceptors)","Hydrophobic(normally burried inside the protein core)","Hydrophobic","Moderate","Hydrophillic","polar","Aromatic","Aliphatic","Acid","Basic","negative charge","Neutral","positive charge","Pka_NH2","P_ka_COOH","x","y"
0,0,1,1,0,0,0,0,0,0,0,0,1,0,0.404040404,0.087621697,70,3
0,1,0,0,0,1,1,0,0,0,0,0,1,0,0.176767677,0.069541029,68,0
0,1,0,0,1,0,0,0,0,0,1,0,0,1,0.085858586,0.009735744,66,0
0,1,0,0,0,1,1,0,0,0,0,0,1,0,0.176767677,0.069541029,64,1
0,1,0,0,1,0,1,0,0,0,0,0,1,0,0.207070707,0.079276773,61,1
1,0,0,0,0,1,0,0,0,0,1,0,0,1,0.146464646,0.065368567,61,4
0,1,0,1,0,0,0,1,0,0,0,0,1,0,0.156565657,0.068150209,59,0
0,0,1,1,0,0,0,1,0,0,0,0,1,0,0.222222222,0.121001391,54,6
0,1,0,1,0,0,0,1,0,0,0,0,1,0,0.156565657,0.068150209,60,8
0,1,0,0,0,1,1,0,0,0,0,0,1,0,0.161616162,0.061196106,65,6
0,0,1,1,0,0,0,0,1,0,0,0,1,0,0.54040404,0.089012517,67,9
0,1,0,0,1,0,1,0,0,0,0,0,1,0,0.207070707,0.079276773,67,7
0,1,0,0,0,1,1,0,0,0,0,0,1,0,0.176767677,0.069541029,54,10
1,0,0,0,0,1,0,0,0,0,1,0,0,1,0.146464646,0.065368567,51,13
0,0,1,1,0,0,0,0,0,0,0,0,1,0,0.909090909,0.038942976,50,10
0,0,1,1,0,0,0,0,0,0,0,0,1,0,0.404040404,0.087621697,51,12
1,0,0,0,0,1,0,0,0,0,1,0,0,1,0.146464646,0.065368567,49,16
0,0,1,1,0,0,0,0,0,0,0,0,1,0,0.404040404,0.087621697,46,17
1,0,0,0,0,1,0,0,0,1,0,1,0,0,0.439393939,0.066759388,44,15
0,0,1,1,0,0,0,0,0,0,0,0,1,0,0.909090909,0.038942976,47,16
1,0,0,0,0,1,0,0,0,0,1,0,0,1,0.146464646,0.065368567,45,19
0,0,1,1,0,0,0,1,0,0,0,0,1,0,0.222222222,0.121001391,42,23
0,0,1,1,0,0,0,0,1,0,0,0,1,0,0.484848485,0.084840056,40,19
0,0,1,1,0,0,0,0,1,0,0,0,1,0,0.54040404,0.089012517,40,16
0,0,1,1,0,0,0,0,1,0,0,0,1,0,0.464646465,0.080667594,40,14
0,0,1,1,0,0,0,0,0,0,0,0,1,0,0.404040404,0.087621697,42,12
0,1,0,1,0,0,0,1,0,0,0,0,1,0,0.156565657,0.068150209,43,11
0,0,1,1,0,0,0,0,1,0,0,0,1,0,0.464646465,0.080667594,42,10
1,0,0,0,0,1,0,0,0,1,0,1,0,0,0.404040404,0.02364395,38,26
1,0,0,0,0,1,0,0,0,1,0,1,0,0,0.404040404,0.02364395,36,26
0,1,0,0,0,1,1,0,0,0,0,0,1,0,0.161616162,0.061196106,34,25
0,1,0,0,0,1,1,0,0,0,0,0,1,0,0.166666667,0.063977747,37,26
0,0,1,1,0,0,0,1,0,0,0,0,1,0,0.222222222,0.121001391,40,28
0,0,1,1,0,0,0,0,1,0,0,0,1,0,0.464646465,0.080667594,42,24
1,0,0,0,0,1,0,0,0,0,1,0,0,1,0.146464646,0.065368567,36,29
0,0,1,1,0,0,0,1,0,0,0,0,1,0,0.222222222,0.121001391,34,30
1,0,0,0,0,1,0,0,0,1,0,1,0,0,0.404040404,0.02364395,33,32
0,1,0,0,0,1,1,0,0,0,0,0,1,0,0.176767677,0.069541029,37,28
1,0,0,0,0,1,0,0,0,1,0,1,0,0,0.404040404,0.02364395,36,27
0,0,1,1,0,0,0,0,1,0,0,0,1,0,0.54040404,0.089012517,38,25
0,0,1,1,0,0,0,0,1,0,0,0,1,0,0.54040404,0.089012517,30,32
0,1,0,0,0,1,1,0,0,0,0,0,1,0,0.176767677,0.069541029,28,34
0,0,1,1,0,0,0,0,0,0,0,0,1,0,0.909090909,0.038942976,27,35
1,0,0,0,0,1,0,0,0,0,1,0,0,1,0.146464646,0.065368567,26,34
0,1,0,0,0,1,1,0,0,0,0,0,1,0,0.161616162,0.061196106,26,33
1,0,0,0,0,1,0,0,0,1,0,1,0,0,0.439393939,0.066759388,27,32
0,0,1,1,0,0,0,0,0,0,0,0,1,0,0.909090909,0.038942976,26,31
1,0,0,0,0,1,0,0,0,0,1,0,0,1,0.146464646,0.065368567,31,31
0,0,1,1,0,0,0,0,0,0,0,0,1,0,0.909090909,0.038942976,27,30
0,0,1,1,0,0,0,0,0,0,0,0,1,0,0.909090909,0.038942976,30,30
0,1,0,1,0,0,0,1,0,0,0,0,1,0,0.297979798,0.093184979,31,29
0,0,1,1,0,0,0,0,1,0,0,0,1,0,0.484848485,0.084840056,28,39
1,0,0,0,0,1,0,0,0,1,0,1,0,0,0.439393939,0.066759388,25,39
0,1,0,0,0,1,1,0,0,0,0,0,1,0,0.166666667,0.063977747,20,41
1,0,0,0,0,1,0,0,0,1,0,1,0,0,0.439393939,0.066759388,24,43
0,0,1,1,0,0,0,0,0,0,0,0,1,0,0.404040404,0.087621697,26,40
0,0,1,1,0,0,0,0,0,0,0,0,1,0,0.909090909,0.038942976,19,43
1,0,0,0,0,1,0,0,0,1,0,1,0,0,0.439393939,0.066759388,17,44
0,1,0,1,0,0,0,1,0,0,0,0,1,0,0.156565657,0.068150209,16,43
0,1,0,1,0,0,0,1,0,0,0,0,1,0,0.297979798,0.093184979,17,42
1,0,0,0,0,1,0,0,0,1,0,1,0,0,0.404040404,0.02364395,6,50
1,0,0,0,0,1,0,0,0,0,1,0,0,1,0.146464646,0.065368567,7,51
0,1,0,0,0,1,1,0,0,0,0,0,1,0,0,0.043115438,10,53
0,1,0,0,0,1,1,0,0,0,0,0,1,0,0.161616162,0.061196106,1,59
0,1,0,0,0,1,1,0,0,0,0,0,1,0,0.166666667,0.063977747,18,50
0,0,1,1,0,0,0,0,1,0,0,0,1,0,0.484848485,0.084840056,2,63
0,0,1,1,0,0,0,1,0,0,0,0,1,0,0.222222222,0.121001391,6,59
1,0,0,0,0,1,0,0,0,0,1,0,0,1,0.747474747,1,12,51
0,1,0,0,0,1,1,0,0,0,0,0,1,0,0.161616162,0.061196106,11,54
0,1,0,0,0,1,1,0,0,0,0,0,1,0,0,0.043115438,9,60
0,1,0,0,0,1,1,0,0,0,0,0,1,0,0.161616162,0.061196106,7,61
0,1,0,0,0,1,1,0,0,0,0,0,1,0,0.166666667,0.063977747,2,67
0,1,0,0,0,1,1,0,0,0,0,0,1,0,0.161616162,0.061196106,12,61
0,1,0,1,0,0,0,1,0,0,0,0,1,0,0.156565657,0.068150209,11,63
1,0,0,0,0,1,0,0,0,0,1,0,0,1,0.146464646,0.065368567,5,71
1,0,0,0,0,1,0,0,0,1,0,1,0,0,0.439393939,0.066759388,9,68
0,1,0,0,0,1,1,0,0,0,0,0,1,0,0,0.043115438,15,66
0,0,1,1,0,0,0,0,1,0,0,0,1,0,0.404040404,0.090403338,17,67
1,0,0,0,0,1,0,0,0,0,1,0,0,1,0.146464646,0.065368567,12,70
0,0,1,1,0,0,0,0,1,0,0,0,1,0,0.484848485,0.084840056,3,65
0,0,1,1,0,0,0,0,1,0,0,0,1,0,0.54040404,0.089012517,0,61
0,0,1,1,0,0,0,0,1,0,0,0,1,0,0.404040404,0.090403338,4,59
1,0,0,0,0,1,0,0,0,0,1,0,0,1,0.146464646,0.065368567,2,70
0,1,0,1,0,0,0,1,0,0,0,0,1,0,0.156565657,0.068150209,6,73
0,1,0,1,0,0,0,1,0,0,0,0,1,0,0.156565657,0.068150209,10,70
0,1,0,0,0,1,1,0,0,0,0,0,1,0,0,0.043115438,8,52
0,1,0,0,0,1,1,0,0,0,0,0,1,0,0.166666667,0.063977747,9,54
0,1,0,0,0,1,1,0,0,0,0,0,1,0,0.176767677,0.069541029,18,54
1,0,0,0,0,1,0,0,0,1,0,1,0,0,0.439393939,0.066759388,29,55
0,0,1,1,0,0,0,0,1,0,0,0,1,0,0.54040404,0.089012517,31,56
0,0,1,1,0,0,0,0,0,0,0,0,1,0,0.404040404,0.087621697,29,61
0,1,0,0,0,1,1,0,0,0,0,0,1,0,0.176767677,0.069541029,33,55
0,1,0,0,1,0,0,0,0,0,1,0,0,1,0.085858586,0.009735744,23,41
0,0,1,1,0,0,0,0,1,0,0,0,1,0,0.484848485,0.084840056,24,38
0,0,1,1,0,0,0,0,1,0,0,0,1,0,0.484848485,0.084840056,26,38
0,1,0,0,0,1,1,0,0,0,0,0,1,0,0.166666667,0.063977747,32,42
1,0,0,0,0,1,0,0,0,0,1,0,0,1,0.146464646,0.065368567,31,41
0,1,0,0,1,0,1,0,0,0,0,0,1,0,0.207070707,0.079276773,36,46
0,1,0,1,0,0,0,1,0,0,0,0,1,0,0.156565657,0.068150209,29,49
0,0,1,1,0,0,0,0,0,0,0,0,1,0,0.404040404,0.087621697,35,39
0,1,0,0,1,0,1,0,0,0,0,0,1,0,1,0,39,41
1,0,0,0,0,1,0,0,0,1,0,1,0,0,0.404040404,0.02364395,41,32
0,0,1,1,0,0,0,0,1,0,0,0,1,0,0.404040404,0.090403338,58,25
0,0,1,1,0,0,0,0,0,0,0,0,1,0,0.404040404,0.087621697,42,40
0,0,1,1,0,0,0,0,0,0,0,0,1,0,0.909090909,0.038942976,59,17
1,0,0,0,0,1,0,0,0,1,0,1,0,0,0.404040404,0.02364395,56,19
0,0,1,1,0,0,0,0,0,0,0,0,1,0,0.404040404,0.087621697,59,18
1,0,0,0,0,1,0,0,0,0,1,0,0,1,0.146464646,0.065368567,58,22
0,0,1,1,0,0,0,0,1,0,0,0,1,0,0.404040404,0.090403338,47,33
0,0,1,1,0,0,0,0,1,0,0,0,1,0,0.404040404,0.090403338,51,31
1,0,0,0,0,1,0,0,0,0,1,0,0,1,0.146464646,0.065368567,49,33
0,0,1,1,0,0,0,0,0,0,0,0,1,0,0.404040404,0.087621697,64,27
0,1,0,0,1,0,0,0,0,0,1,0,0,1,0.085858586,0.009735744,58,21
1,0,0,0,0,1,0,0,0,1,0,1,0,0,0.404040404,0.02364395,58,13
0,1,0,0,0,1,1,0,0,0,0,0,1,0,0.166666667,0.063977747,59,21
0,1,0,0,0,1,1,0,0,0,0,0,1,0,0.176767677,0.069541029,57,25
0,0,1,1,0,0,0,0,1,0,0,0,1,0,0.54040404,0.089012517,59,27
0,1,0,1,0,0,0,1,0,0,0,0,1,0,0.156565657,0.068150209,59,29
1,0,0,0,0,1,0,0,0,1,0,1,0,0,0.404040404,0.02364395,57,29
0,0,1,1,0,0,0,0,0,0,0,0,1,0,0.404040404,0.087621697,64,30
1,0,0,0,0,1,0,0,0,0,1,0,0,1,0.747474747,1,57,33
1,0,0,0,0,1,0,0,0,1,0,1,0,0,0.404040404,0.02364395,56,34
0,1,0,1,0,0,0,1,0,0,0,0,1,0,0.156565657,0.068150209,59,35
0,0,1,1,0,0,0,0,1,0,0,0,1,0,0.484848485,0.084840056,52,37
0,0,1,1,0,0,0,0,1,0,0,0,1,0,0.54040404,0.089012517,51,40
0,0,1,1,0,0,0,0,1,0,0,0,1,0,0.404040404,0.090403338,51,41
0,1,0,0,0,1,1,0,0,0,0,0,1,0,0,0.043115438,49,42
1,0,0,0,0,1,0,0,0,1,0,1,0,0,0.439393939,0.066759388,56,35
1,0,0,0,0,1,0,0,0,1,0,1,0,0,0.404040404,0.02364395,55,37
0,0,1,1,0,0,0,0,1,0,0,0,1,0,0.404040404,0.090403338,57,32
0,1,0,0,0,1,1,0,0,0,0,0,1,0,0.176767677,0.069541029,55,31
0,1,0,0,0,1,1,0,0,0,0,0,1,0,0.176767677,0.069541029,52,37
0,1,0,1,0,0,0,1,0,0,0,0,1,0,0.297979798,0.093184979,50,38
0,1,0,0,0,1,1,0,0,0,0,0,1,0,0.161616162,0.061196106,48,40
0,0,1,1,0,0,0,0,1,0,0,0,1,0,0.54040404,0.089012517,50,36
0,0,1,1,0,0,0,0,1,0,0,0,1,0,0.54040404,0.089012517,58,43
1,0,0,0,0,1,0,0,0,1,0,1,0,0,0.404040404,0.02364395,56,47
0,1,0,0,0,1,1,0,0,0,0,0,1,0,0.161616162,0.061196106,43,45
0,0,1,1,0,0,0,0,1,0,0,0,1,0,0.54040404,0.089012517,44,45
0,0,1,1,0,0,0,0,1,0,0,0,1,0,0.54040404,0.089012517,46,46
0,1,0,0,0,1,1,0,0,0,0,0,1,0,0.166666667,0.063977747,45,49
0,0,1,1,0,0,0,0,1,0,0,0,1,0,0.484848485,0.084840056,48,51
0,1,0,0,0,1,1,0,0,0,0,0,1,0,0.161616162,0.061196106,49,52
0,1,0,0,0,1,1,0,0,0,0,0,1,0,0.166666667,0.063977747,50,55
1,0,0,0,0,1,0,0,0,0,1,0,0,1,0.146464646,0.065368567,50,56
1,0,0,0,0,1,0,0,0,0,1,0,0,1,0.747474747,1,41,45
0,1,0,1,0,0,0,1,0,0,0,0,1,0,0.297979798,0.093184979,39,47
1,0,0,0,0,1,0,0,0,1,0,1,0,0,0.439393939,0.066759388,37,45
0,0,1,1,0,0,0,0,1,0,0,0,1,0,0.54040404,0.089012517,35,46
0,0,1,1,0,0,0,0,1,0,0,0,1,0,0.54040404,0.089012517,36,47
1,0,0,0,0,1,0,0,0,0,1,0,0,1,0.146464646,0.065368567,31,48
0,0,1,1,0,0,0,0,1,0,0,0,1,0,0.464646465,0.080667594,34,48
0,0,1,1,0,0,0,0,1,0,0,0,1,0,0.54040404,0.089012517,31,49
1,0,0,0,0,1,0,0,0,1,0,1,0,0,0.439393939,0.066759388,36,51
0,1,0,0,0,1,1,0,0,0,0,0,1,0,0.166666667,0.063977747,33,57
0,0,1,1,0,0,0,0,1,0,0,0,1,0,0.404040404,0.090403338,32,55
1,0,0,0,0,1,0,0,0,0,1,0,0,1,0.146464646,0.065368567,32,63
0,0,1,1,0,0,0,0,1,0,0,0,1,0,0.54040404,0.089012517,36,55
0,1,0,1,0,0,0,1,0,0,0,0,1,0,0.156565657,0.068150209,32,65
0,0,1,1,0,0,0,0,1,0,0,0,1,0,0.404040404,0.090403338,35,65
1,0,0,0,0,1,0,0,0,1,0,1,0,0,0.439393939,0.066759388,30,54
0,0,1,1,0,0,0,0,0,0,0,0,1,0,0.404040404,0.087621697,28,55
0,0,1,1,0,0,0,0,1,0,0,0,1,0,0.404040404,0.090403338,26,61
0,1,0,0,1,0,1,0,0,0,0,0,1,0,1,0,29,58
0,0,1,1,0,0,0,0,1,0,0,0,1,0,0.464646465,0.080667594,24,61
1,0,0,0,0,1,0,0,0,1,0,1,0,0,0.439393939,0.066759388,26,62
0,1,0,1,0,0,0,1,0,0,0,0,1,0,0.297979798,0.093184979,36,63
0,0,1,1,0,0,0,0,1,0,0,0,1,0,0.404040404,0.090403338,33,64
1,0,0,0,0,1,0,0,0,0,1,0,0,1,0.146464646,0.065368567,38,61
1,0,0,0,0,1,0,0,0,0,1,0,0,1,0.146464646,0.065368567,36,67
0,1,0,1,0,0,0,1,0,0,0,0,1,0,0.156565657,0.068150209,36,69
0,0,1,1,0,0,0,0,1,0,0,0,1,0,0.404040404,0.090403338,37,71
1,0,0,0,0,1,0,0,0,1,0,1,0,0,0.439393939,0.066759388,40,65
0,1,0,0,0,1,1,0,0,0,0,0,1,0,0,0.043115438,37,64
0,0,1,1,0,0,0,0,0,0,0,0,1,0,0.404040404,0.087621697,40,61
1,0,0,0,0,1,0,0,0,0,1,0,0,1,0.747474747,1,40,64
1,0,0,0,0,1,0,0,0,1,0,1,0,0,0.439393939,0.066759388,32,59
0,1,0,0,0,1,1,0,0,0,0,0,1,0,0.161616162,0.061196106,33,61
0,0,1,1,0,0,0,0,1,0,0,0,1,0,0.404040404,0.090403338,40,52
0,1,0,0,0,1,1,0,0,0,0,0,1,0,0.166666667,0.063977747,44,55
1,0,0,0,0,1,0,0,0,0,1,0,0,1,0.146464646,0.065368567,42,53
0,0,1,1,0,0,0,0,1,0,0,0,1,0,0.54040404,0.089012517,46,57
1,0,0,0,0,1,0,0,0,1,0,1,0,0,0.404040404,0.02364395,50,61
0,0,1,1,0,0,0,0,0,0,0,0,1,0,0.909090909,0.038942976,50,60
0,0,1,1,0,0,0,0,0,0,0,0,1,0,0.909090909,0.038942976,51,61
1,0,0,0,0,1,0,0,0,0,1,0,0,1,0.747474747,1,43,48
0,1,0,0,0,1,1,0,0,0,0,0,1,0,0.161616162,0.061196106,44,46
0,1,0,0,1,0,0,0,0,0,1,0,0,1,0.085858586,0.009735744,47,47
0,0,1,1,0,0,0,0,1,0,0,0,1,0,0.464646465,0.080667594,48,47
0,1,0,0,0,1,1,0,0,0,0,0,1,0,0.161616162,0.061196106,59,47
0,1,0,0,1,0,0,0,0,0,1,0,0,1,0.085858586,0.009735744,46,42
0,1,0,0,1,0,0,0,0,0,1,0,0,1,0.085858586,0.009735744,41,43
0,0,1,1,0,0,0,0,0,0,0,0,1,0,0.909090909,0.038942976,57,51
0,0,1,1,0,0,0,0,1,0,0,0,1,0,0.464646465,0.080667594,55,50
0,1,0,0,0,1,1,0,0,0,0,0,1,0,0.176767677,0.069541029,53,46
1,0,0,0,0,1,0,0,0,1,0,1,0,0,0.404040404,0.02364395,52,44
0,1,0,0,1,0,0,0,0,0,1,0,0,1,0.085858586,0.009735744,51,50
1,0,0,0,0,1,0,0,0,1,0,1,0,0,0.439393939,0.066759388,50,55
0,0,1,1,0,0,0,0,1,0,0,0,1,0,0.54040404,0.089012517,49,56
0,1,0,0,0,1,1,0,0,0,0,0,1,0,0.161616162,0.061196106,50,57
0,0,1,1,0,0,0,0,1,0,0,0,1,0,0.404040404,0.090403338,59,44
1,0,0,0,0,1,0,0,0,0,1,0,0,1,0.146464646,0.065368567,58,45
0,1,0,0,1,0,1,0,0,0,0,0,1,0,1,0,58,47
0,1,0,1,0,0,0,1,0,0,0,0,1,0,0.297979798,0.093184979,59,43
0,0,1,1,0,0,0,0,1,0,0,0,1,0,0.54040404,0.089012517,62,41
0,0,1,1,0,0,0,0,1,0,0,0,1,0,0.404040404,0.090403338,54,47
0,0,1,1,0,0,0,0,0,0,0,0,1,0,0.404040404,0.087621697,54,48
0,0,1,1,0,0,0,1,0,0,0,0,1,0,0.222222222,0.121001391,55,50
