"charged(side chain can make salt bridges)","Polar(usually participate in hydrogen bonds as proton donnars & acceptors)","Hydrophobic(normally burried inside the protein core)","Hydrophobic","Moderate","Hydrophillic","polar","Aromatic","Aliphatic","Acid","Basic","negative charge","Neutral","positive charge","Pka_NH2","P_ka_COOH","y","z"
0,0,1,1,0,0,0,0,0,0,0,0,1,0,0.404040404,0.087621697,3,32
0,1,0,0,0,1,1,0,0,0,0,0,1,0,0.176767677,0.069541029,0,32
0,1,0,0,1,0,0,0,0,0,1,0,0,1,0.085858586,0.009735744,0,31
0,1,0,0,0,1,1,0,0,0,0,0,1,0,0.176767677,0.069541029,1,32
0,1,0,0,1,0,1,0,0,0,0,0,1,0,0.207070707,0.079276773,1,31
1,0,0,0,0,1,0,0,0,0,1,0,0,1,0.146464646,0.065368567,4,30
0,1,0,1,0,0,0,1,0,0,0,0,1,0,0.156565657,0.068150209,0,32
0,0,1,1,0,0,0,1,0,0,0,0,1,0,0.222222222,0.121001391,6,26
0,1,0,1,0,0,0,1,0,0,0,0,1,0,0.156565657,0.068150209,8,24
0,1,0,0,0,1,1,0,0,0,0,0,1,0,0.161616162,0.061196106,6,24
0,0,1,1,0,0,0,0,1,0,0,0,1,0,0.54040404,0.089012517,9,27
0,1,0,0,1,0,1,0,0,0,0,0,1,0,0.207070707,0.079276773,7,25
0,1,0,0,0,1,1,0,0,0,0,0,1,0,0.176767677,0.069541029,10,26
1,0,0,0,0,1,0,0,0,0,1,0,0,1,0.146464646,0.065368567,13,24
0,0,1,1,0,0,0,0,0,0,0,0,1,0,0.909090909,0.038942976,10,28
0,0,1,1,0,0,0,0,0,0,0,0,1,0,0.404040404,0.087621697,12,30
1,0,0,0,0,1,0,0,0,0,1,0,0,1,0.146464646,0.065368567,16,18
0,0,1,1,0,0,0,0,0,0,0,0,1,0,0.404040404,0.087621697,17,22
1,0,0,0,0,1,0,0,0,1,0,1,0,0,0.439393939,0.066759388,15,22
0,0,1,1,0,0,0,0,0,0,0,0,1,0,0.909090909,0.038942976,16,12
1,0,0,0,0,1,0,0,0,0,1,0,0,1,0.146464646,0.065368567,19,23
0,0,1,1,0,0,0,1,0,0,0,0,1,0,0.222222222,0.121001391,23,23
0,0,1,1,0,0,0,0,1,0,0,0,1,0,0.484848485,0.084840056,19,29
0,0,1,1,0,0,0,0,1,0,0,0,1,0,0.54040404,0.089012517,16,28
0,0,1,1,0,0,0,0,1,0,0,0,1,0,0.464646465,0.080667594,14,30
0,0,1,1,0,0,0,0,0,0,0,0,1,0,0.404040404,0.087621697,12,29
0,1,0,1,0,0,0,1,0,0,0,0,1,0,0.156565657,0.068150209,11,27
0,0,1,1,0,0,0,0,1,0,0,0,1,0,0.464646465,0.080667594,10,31
1,0,0,0,0,1,0,0,0,1,0,1,0,0,0.404040404,0.02364395,26,22
1,0,0,0,0,1,0,0,0,1,0,1,0,0,0.404040404,0.02364395,26,24
0,1,0,0,0,1,1,0,0,0,0,0,1,0,0.161616162,0.061196106,25,24
0,1,0,0,0,1,1,0,0,0,0,0,1,0,0.166666667,0.063977747,26,19
0,0,1,1,0,0,0,1,0,0,0,0,1,0,0.222222222,0.121001391,28,16
0,0,1,1,0,0,0,0,1,0,0,0,1,0,0.464646465,0.080667594,24,13
1,0,0,0,0,1,0,0,0,0,1,0,0,1,0.146464646,0.065368567,29,25
0,0,1,1,0,0,0,1,0,0,0,0,1,0,0.222222222,0.121001391,30,27
1,0,0,0,0,1,0,0,0,1,0,1,0,0,0.404040404,0.02364395,32,25
0,1,0,0,0,1,1,0,0,0,0,0,1,0,0.176767677,0.069541029,28,30
1,0,0,0,0,1,0,0,0,1,0,1,0,0,0.404040404,0.02364395,27,33
0,0,1,1,0,0,0,0,1,0,0,0,1,0,0.54040404,0.089012517,25,34
0,0,1,1,0,0,0,0,1,0,0,0,1,0,0.54040404,0.089012517,32,25
0,1,0,0,0,1,1,0,0,0,0,0,1,0,0.176767677,0.069541029,34,24
0,0,1,1,0,0,0,0,0,0,0,0,1,0,0.909090909,0.038942976,35,27
1,0,0,0,0,1,0,0,0,0,1,0,0,1,0.146464646,0.065368567,34,28
0,1,0,0,0,1,1,0,0,0,0,0,1,0,0.161616162,0.061196106,33,22
1,0,0,0,0,1,0,0,0,1,0,1,0,0,0.439393939,0.066759388,32,20
0,0,1,1,0,0,0,0,0,0,0,0,1,0,0.909090909,0.038942976,31,18
1,0,0,0,0,1,0,0,0,0,1,0,0,1,0.146464646,0.065368567,31,17
0,0,1,1,0,0,0,0,0,0,0,0,1,0,0.909090909,0.038942976,30,15
0,0,1,1,0,0,0,0,0,0,0,0,1,0,0.909090909,0.038942976,30,15
0,1,0,1,0,0,0,1,0,0,0,0,1,0,0.297979798,0.093184979,29,13
0,0,1,1,0,0,0,0,1,0,0,0,1,0,0.484848485,0.084840056,39,32
1,0,0,0,0,1,0,0,0,1,0,1,0,0,0.439393939,0.066759388,39,29
0,1,0,0,0,1,1,0,0,0,0,0,1,0,0.166666667,0.063977747,41,28
1,0,0,0,0,1,0,0,0,1,0,1,0,0,0.439393939,0.066759388,43,26
0,0,1,1,0,0,0,0,0,0,0,0,1,0,0.404040404,0.087621697,40,31
0,0,1,1,0,0,0,0,0,0,0,0,1,0,0.909090909,0.038942976,43,26
1,0,0,0,0,1,0,0,0,1,0,1,0,0,0.439393939,0.066759388,44,29
0,1,0,1,0,0,0,1,0,0,0,0,1,0,0.156565657,0.068150209,43,30
0,1,0,1,0,0,0,1,0,0,0,0,1,0,0.297979798,0.093184979,42,25
1,0,0,0,0,1,0,0,0,1,0,1,0,0,0.404040404,0.02364395,50,33
1,0,0,0,0,1,0,0,0,0,1,0,0,1,0.146464646,0.065368567,51,30
0,1,0,0,0,1,1,0,0,0,0,0,1,0,0,0.043115438,53,30
0,1,0,0,0,1,1,0,0,0,0,0,1,0,0.161616162,0.061196106,59,34
0,1,0,0,0,1,1,0,0,0,0,0,1,0,0.166666667,0.063977747,50,33
0,0,1,1,0,0,0,0,1,0,0,0,1,0,0.484848485,0.084840056,63,32
0,0,1,1,0,0,0,1,0,0,0,0,1,0,0.222222222,0.121001391,59,15
1,0,0,0,0,1,0,0,0,0,1,0,0,1,0.747474747,1,51,31
0,1,0,0,0,1,1,0,0,0,0,0,1,0,0.161616162,0.061196106,54,35
0,1,0,0,0,1,1,0,0,0,0,0,1,0,0,0.043115438,60,33
0,1,0,0,0,1,1,0,0,0,0,0,1,0,0.161616162,0.061196106,61,32
0,1,0,0,0,1,1,0,0,0,0,0,1,0,0.166666667,0.063977747,67,30
0,1,0,0,0,1,1,0,0,0,0,0,1,0,0.161616162,0.061196106,61,33
0,1,0,1,0,0,0,1,0,0,0,0,1,0,0.156565657,0.068150209,63,20
1,0,0,0,0,1,0,0,0,0,1,0,0,1,0.146464646,0.065368567,71,30
1,0,0,0,0,1,0,0,0,1,0,1,0,0,0.439393939,0.066759388,68,25
0,1,0,0,0,1,1,0,0,0,0,0,1,0,0,0.043115438,66,37
0,0,1,1,0,0,0,0,1,0,0,0,1,0,0.404040404,0.090403338,67,36
1,0,0,0,0,1,0,0,0,0,1,0,0,1,0.146464646,0.065368567,70,36
0,0,1,1,0,0,0,0,1,0,0,0,1,0,0.484848485,0.084840056,65,32
0,0,1,1,0,0,0,0,1,0,0,0,1,0,0.54040404,0.089012517,61,34
0,0,1,1,0,0,0,0,1,0,0,0,1,0,0.404040404,0.090403338,59,35
1,0,0,0,0,1,0,0,0,0,1,0,0,1,0.146464646,0.065368567,70,31
0,1,0,1,0,0,0,1,0,0,0,0,1,0,0.156565657,0.068150209,73,30
0,1,0,1,0,0,0,1,0,0,0,0,1,0,0.156565657,0.068150209,70,34
0,1,0,0,0,1,1,0,0,0,0,0,1,0,0,0.043115438,52,23
0,1,0,0,0,1,1,0,0,0,0,0,1,0,0.166666667,0.063977747,54,20
0,1,0,0,0,1,1,0,0,0,0,0,1,0,0.176767677,0.069541029,54,24
1,0,0,0,0,1,0,0,0,1,0,1,0,0,0.439393939,0.066759388,55,28
0,0,1,1,0,0,0,0,1,0,0,0,1,0,0.54040404,0.089012517,56,29
0,0,1,1,0,0,0,0,0,0,0,0,1,0,0.404040404,0.087621697,61,19
0,1,0,0,0,1,1,0,0,0,0,0,1,0,0.176767677,0.069541029,55,29
0,1,0,0,1,0,0,0,0,0,1,0,0,1,0.085858586,0.009735744,41,18
0,0,1,1,0,0,0,0,1,0,0,0,1,0,0.484848485,0.084840056,38,18
0,0,1,1,0,0,0,0,1,0,0,0,1,0,0.484848485,0.084840056,38,16
0,1,0,0,0,1,1,0,0,0,0,0,1,0,0.166666667,0.063977747,42,22
1,0,0,0,0,1,0,0,0,0,1,0,0,1,0.146464646,0.065368567,41,23
0,1,0,0,1,0,1,0,0,0,0,0,1,0,0.207070707,0.079276773,46,25
0,1,0,1,0,0,0,1,0,0,0,0,1,0,0.156565657,0.068150209,49,27
0,0,1,1,0,0,0,0,0,0,0,0,1,0,0.404040404,0.087621697,39,20
0,1,0,0,1,0,1,0,0,0,0,0,1,0,1,0,41,19
1,0,0,0,0,1,0,0,0,1,0,1,0,0,0.404040404,0.02364395,32,22
0,0,1,1,0,0,0,0,1,0,0,0,1,0,0.404040404,0.090403338,25,38
0,0,1,1,0,0,0,0,0,0,0,0,1,0,0.404040404,0.087621697,40,26
0,0,1,1,0,0,0,0,0,0,0,0,1,0,0.909090909,0.038942976,17,31
1,0,0,0,0,1,0,0,0,1,0,1,0,0,0.404040404,0.02364395,19,28
0,0,1,1,0,0,0,0,0,0,0,0,1,0,0.404040404,0.087621697,18,22
1,0,0,0,0,1,0,0,0,0,1,0,0,1,0.146464646,0.065368567,22,27
0,0,1,1,0,0,0,0,1,0,0,0,1,0,0.404040404,0.090403338,33,30
0,0,1,1,0,0,0,0,1,0,0,0,1,0,0.404040404,0.090403338,31,33
1,0,0,0,0,1,0,0,0,0,1,0,0,1,0.146464646,0.065368567,33,32
0,0,1,1,0,0,0,0,0,0,0,0,1,0,0.404040404,0.087621697,27,29
0,1,0,0,1,0,0,0,0,0,1,0,0,1,0.085858586,0.009735744,21,22
1,0,0,0,0,1,0,0,0,1,0,1,0,0,0.404040404,0.02364395,13,30
0,1,0,0,0,1,1,0,0,0,0,0,1,0,0.166666667,0.063977747,21,41
0,1,0,0,0,1,1,0,0,0,0,0,1,0,0.176767677,0.069541029,25,35
0,0,1,1,0,0,0,0,1,0,0,0,1,0,0.54040404,0.089012517,27,34
0,1,0,1,0,0,0,1,0,0,0,0,1,0,0.156565657,0.068150209,29,35
1,0,0,0,0,1,0,0,0,1,0,1,0,0,0.404040404,0.02364395,29,26
0,0,1,1,0,0,0,0,0,0,0,0,1,0,0.404040404,0.087621697,30,26
1,0,0,0,0,1,0,0,0,0,1,0,0,1,0.747474747,1,33,28
1,0,0,0,0,1,0,0,0,1,0,1,0,0,0.404040404,0.02364395,34,24
0,1,0,1,0,0,0,1,0,0,0,0,1,0,0.156565657,0.068150209,35,23
0,0,1,1,0,0,0,0,1,0,0,0,1,0,0.484848485,0.084840056,37,26
0,0,1,1,0,0,0,0,1,0,0,0,1,0,0.54040404,0.089012517,40,27
0,0,1,1,0,0,0,0,1,0,0,0,1,0,0.404040404,0.090403338,41,29
0,1,0,0,0,1,1,0,0,0,0,0,1,0,0,0.043115438,42,25
1,0,0,0,0,1,0,0,0,1,0,1,0,0,0.439393939,0.066759388,35,19
1,0,0,0,0,1,0,0,0,1,0,1,0,0,0.404040404,0.02364395,37,15
0,0,1,1,0,0,0,0,1,0,0,0,1,0,0.404040404,0.090403338,32,18
0,1,0,0,0,1,1,0,0,0,0,0,1,0,0.176767677,0.069541029,31,13
0,1,0,0,0,1,1,0,0,0,0,0,1,0,0.176767677,0.069541029,37,17
0,1,0,1,0,0,0,1,0,0,0,0,1,0,0.297979798,0.093184979,38,16
0,1,0,0,0,1,1,0,0,0,0,0,1,0,0.161616162,0.061196106,40,18
0,0,1,1,0,0,0,0,1,0,0,0,1,0,0.54040404,0.089012517,36,11
0,0,1,1,0,0,0,0,1,0,0,0,1,0,0.54040404,0.089012517,43,16
1,0,0,0,0,1,0,0,0,1,0,1,0,0,0.404040404,0.02364395,47,8
0,1,0,0,0,1,1,0,0,0,0,0,1,0,0.161616162,0.061196106,45,16
0,0,1,1,0,0,0,0,1,0,0,0,1,0,0.54040404,0.089012517,45,13
0,0,1,1,0,0,0,0,1,0,0,0,1,0,0.54040404,0.089012517,46,20
0,1,0,0,0,1,1,0,0,0,0,0,1,0,0.166666667,0.063977747,49,19
0,0,1,1,0,0,0,0,1,0,0,0,1,0,0.484848485,0.084840056,51,18
0,1,0,0,0,1,1,0,0,0,0,0,1,0,0.161616162,0.061196106,52,10
0,1,0,0,0,1,1,0,0,0,0,0,1,0,0.166666667,0.063977747,55,24
1,0,0,0,0,1,0,0,0,0,1,0,0,1,0.146464646,0.065368567,56,19
1,0,0,0,0,1,0,0,0,0,1,0,0,1,0.747474747,1,45,16
0,1,0,1,0,0,0,1,0,0,0,0,1,0,0.297979798,0.093184979,47,15
1,0,0,0,0,1,0,0,0,1,0,1,0,0,0.439393939,0.066759388,45,13
0,0,1,1,0,0,0,0,1,0,0,0,1,0,0.54040404,0.089012517,46,11
0,0,1,1,0,0,0,0,1,0,0,0,1,0,0.54040404,0.089012517,47,9
1,0,0,0,0,1,0,0,0,0,1,0,0,1,0.146464646,0.065368567,48,11
0,0,1,1,0,0,0,0,1,0,0,0,1,0,0.464646465,0.080667594,48,7
0,0,1,1,0,0,0,0,1,0,0,0,1,0,0.54040404,0.089012517,49,8
1,0,0,0,0,1,0,0,0,1,0,1,0,0,0.439393939,0.066759388,51,16
0,1,0,0,0,1,1,0,0,0,0,0,1,0,0.166666667,0.063977747,57,8
0,0,1,1,0,0,0,0,1,0,0,0,1,0,0.404040404,0.090403338,55,22
1,0,0,0,0,1,0,0,0,0,1,0,0,1,0.146464646,0.065368567,63,18
0,0,1,1,0,0,0,0,1,0,0,0,1,0,0.54040404,0.089012517,55,3
0,1,0,1,0,0,0,1,0,0,0,0,1,0,0.156565657,0.068150209,65,19
0,0,1,1,0,0,0,0,1,0,0,0,1,0,0.404040404,0.090403338,65,13
1,0,0,0,0,1,0,0,0,1,0,1,0,0,0.439393939,0.066759388,54,16
0,0,1,1,0,0,0,0,0,0,0,0,1,0,0.404040404,0.087621697,55,14
0,0,1,1,0,0,0,0,1,0,0,0,1,0,0.404040404,0.090403338,61,23
0,1,0,0,1,0,1,0,0,0,0,0,1,0,1,0,58,18
0,0,1,1,0,0,0,0,1,0,0,0,1,0,0.464646465,0.080667594,61,21
1,0,0,0,0,1,0,0,0,1,0,1,0,0,0.439393939,0.066759388,62,25
0,1,0,1,0,0,0,1,0,0,0,0,1,0,0.297979798,0.093184979,63,15
0,0,1,1,0,0,0,0,1,0,0,0,1,0,0.404040404,0.090403338,64,11
1,0,0,0,0,1,0,0,0,0,1,0,0,1,0.146464646,0.065368567,61,5
1,0,0,0,0,1,0,0,0,0,1,0,0,1,0.146464646,0.065368567,67,12
0,1,0,1,0,0,0,1,0,0,0,0,1,0,0.156565657,0.068150209,69,10
0,0,1,1,0,0,0,0,1,0,0,0,1,0,0.404040404,0.090403338,71,10
1,0,0,0,0,1,0,0,0,1,0,1,0,0,0.439393939,0.066759388,65,2
0,1,0,0,0,1,1,0,0,0,0,0,1,0,0,0.043115438,64,4
0,0,1,1,0,0,0,0,0,0,0,0,1,0,0.404040404,0.087621697,61,5
1,0,0,0,0,1,0,0,0,0,1,0,0,1,0.747474747,1,64,0
1,0,0,0,0,1,0,0,0,1,0,1,0,0,0.439393939,0.066759388,59,8
0,1,0,0,0,1,1,0,0,0,0,0,1,0,0.161616162,0.061196106,61,6
0,0,1,1,0,0,0,0,1,0,0,0,1,0,0.404040404,0.090403338,52,4
0,1,0,0,0,1,1,0,0,0,0,0,1,0,0.166666667,0.063977747,55,4
1,0,0,0,0,1,0,0,0,0,1,0,0,1,0.146464646,0.065368567,53,2
0,0,1,1,0,0,0,0,1,0,0,0,1,0,0.54040404,0.089012517,57,2
1,0,0,0,0,1,0,0,0,1,0,1,0,0,0.404040404,0.02364395,61,1
0,0,1,1,0,0,0,0,0,0,0,0,1,0,0.909090909,0.038942976,60,4
0,0,1,1,0,0,0,0,0,0,0,0,1,0,0.909090909,0.038942976,61,6
1,0,0,0,0,1,0,0,0,0,1,0,0,1,0.747474747,1,48,5
0,1,0,0,0,1,1,0,0,0,0,0,1,0,0.161616162,0.061196106,46,7
0,1,0,0,1,0,0,0,0,0,1,0,0,1,0.085858586,0.009735744,47,7
0,0,1,1,0,0,0,0,1,0,0,0,1,0,0.464646465,0.080667594,47,5
0,1,0,0,0,1,1,0,0,0,0,0,1,0,0.161616162,0.061196106,47,9
0,1,0,0,1,0,0,0,0,0,1,0,0,1,0.085858586,0.009735744,42,5
0,1,0,0,1,0,0,0,0,0,1,0,0,1,0.085858586,0.009735744,43,4
0,0,1,1,0,0,0,0,0,0,0,0,1,0,0.909090909,0.038942976,51,23
0,0,1,1,0,0,0,0,1,0,0,0,1,0,0.464646465,0.080667594,50,27
0,1,0,0,0,1,1,0,0,0,0,0,1,0,0.176767677,0.069541029,46,11
1,0,0,0,0,1,0,0,0,1,0,1,0,0,0.404040404,0.02364395,44,13
0,1,0,0,1,0,0,0,0,0,1,0,0,1,0.085858586,0.009735744,50,12
1,0,0,0,0,1,0,0,0,1,0,1,0,0,0.439393939,0.066759388,55,11
0,0,1,1,0,0,0,0,1,0,0,0,1,0,0.54040404,0.089012517,56,14
0,1,0,0,0,1,1,0,0,0,0,0,1,0,0.161616162,0.061196106,57,10
0,0,1,1,0,0,0,0,1,0,0,0,1,0,0.404040404,0.090403338,44,10
1,0,0,0,0,1,0,0,0,0,1,0,0,1,0.146464646,0.065368567,45,14
0,1,0,0,1,0,1,0,0,0,0,0,1,0,1,0,47,15
0,1,0,1,0,0,0,1,0,0,0,0,1,0,0.297979798,0.093184979,43,19
0,0,1,1,0,0,0,0,1,0,0,0,1,0,0.54040404,0.089012517,41,22
0,0,1,1,0,0,0,0,1,0,0,0,1,0,0.404040404,0.090403338,47,20
0,0,1,1,0,0,0,0,0,0,0,0,1,0,0.404040404,0.087621697,48,23
0,0,1,1,0,0,0,1,0,0,0,0,1,0,0.222222222,0.121001391,50,24
