"charged(side chain can make salt bridges)","Polar(usually participate in hydrogen bonds as proton donnars & acceptors)","Hydrophobic(normally burried inside the protein core)","Hydrophobic","Moderate","Hydrophillic","polar","Aromatic","Aliphatic","Acid","Basic","negative charge","Neutral","positive charge","Pka_NH2","P_ka_COOH","x","z"
0,0,1,1,0,0,0,0,0,0,0,0,1,0,0.404040404,0.087621697,70,32
0,1,0,0,0,1,1,0,0,0,0,0,1,0,0.176767677,0.069541029,68,32
0,1,0,0,1,0,0,0,0,0,1,0,0,1,0.085858586,0.009735744,66,31
0,1,0,0,0,1,1,0,0,0,0,0,1,0,0.176767677,0.069541029,64,32
0,1,0,0,1,0,1,0,0,0,0,0,1,0,0.207070707,0.079276773,61,31
1,0,0,0,0,1,0,0,0,0,1,0,0,1,0.146464646,0.065368567,61,30
0,1,0,1,0,0,0,1,0,0,0,0,1,0,0.156565657,0.068150209,59,32
0,0,1,1,0,0,0,1,0,0,0,0,1,0,0.222222222,0.121001391,54,26
0,1,0,1,0,0,0,1,0,0,0,0,1,0,0.156565657,0.068150209,60,24
0,1,0,0,0,1,1,0,0,0,0,0,1,0,0.161616162,0.061196106,65,24
0,0,1,1,0,0,0,0,1,0,0,0,1,0,0.54040404,0.089012517,67,27
0,1,0,0,1,0,1,0,0,0,0,0,1,0,0.207070707,0.079276773,67,25
0,1,0,0,0,1,1,0,0,0,0,0,1,0,0.176767677,0.069541029,54,26
1,0,0,0,0,1,0,0,0,0,1,0,0,1,0.146464646,0.065368567,51,24
0,0,1,1,0,0,0,0,0,0,0,0,1,0,0.909090909,0.038942976,50,28
0,0,1,1,0,0,0,0,0,0,0,0,1,0,0.404040404,0.087621697,51,30
1,0,0,0,0,1,0,0,0,0,1,0,0,1,0.146464646,0.065368567,49,18
0,0,1,1,0,0,0,0,0,0,0,0,1,0,0.404040404,0.087621697,46,22
1,0,0,0,0,1,0,0,0,1,0,1,0,0,0.439393939,0.066759388,44,22
0,0,1,1,0,0,0,0,0,0,0,0,1,0,0.909090909,0.038942976,47,12
1,0,0,0,0,1,0,0,0,0,1,0,0,1,0.146464646,0.065368567,45,23
0,0,1,1,0,0,0,1,0,0,0,0,1,0,0.222222222,0.121001391,42,23
0,0,1,1,0,0,0,0,1,0,0,0,1,0,0.484848485,0.084840056,40,29
0,0,1,1,0,0,0,0,1,0,0,0,1,0,0.54040404,0.089012517,40,28
0,0,1,1,0,0,0,0,1,0,0,0,1,0,0.464646465,0.080667594,40,30
0,0,1,1,0,0,0,0,0,0,0,0,1,0,0.404040404,0.087621697,42,29
0,1,0,1,0,0,0,1,0,0,0,0,1,0,0.156565657,0.068150209,43,27
0,0,1,1,0,0,0,0,1,0,0,0,1,0,0.464646465,0.080667594,42,31
1,0,0,0,0,1,0,0,0,1,0,1,0,0,0.404040404,0.02364395,38,22
1,0,0,0,0,1,0,0,0,1,0,1,0,0,0.404040404,0.02364395,36,24
0,1,0,0,0,1,1,0,0,0,0,0,1,0,0.161616162,0.061196106,34,24
0,1,0,0,0,1,1,0,0,0,0,0,1,0,0.166666667,0.063977747,37,19
0,0,1,1,0,0,0,1,0,0,0,0,1,0,0.222222222,0.121001391,40,16
0,0,1,1,0,0,0,0,1,0,0,0,1,0,0.464646465,0.080667594,42,13
1,0,0,0,0,1,0,0,0,0,1,0,0,1,0.146464646,0.065368567,36,25
0,0,1,1,0,0,0,1,0,0,0,0,1,0,0.222222222,0.121001391,34,27
1,0,0,0,0,1,0,0,0,1,0,1,0,0,0.404040404,0.02364395,33,25
0,1,0,0,0,1,1,0,0,0,0,0,1,0,0.176767677,0.069541029,37,30
1,0,0,0,0,1,0,0,0,1,0,1,0,0,0.404040404,0.02364395,36,33
0,0,1,1,0,0,0,0,1,0,0,0,1,0,0.54040404,0.089012517,38,34
0,0,1,1,0,0,0,0,1,0,0,0,1,0,0.54040404,0.089012517,30,25
0,1,0,0,0,1,1,0,0,0,0,0,1,0,0.176767677,0.069541029,28,24
0,0,1,1,0,0,0,0,0,0,0,0,1,0,0.909090909,0.038942976,27,27
1,0,0,0,0,1,0,0,0,0,1,0,0,1,0.146464646,0.065368567,26,28
0,1,0,0,0,1,1,0,0,0,0,0,1,0,0.161616162,0.061196106,26,22
1,0,0,0,0,1,0,0,0,1,0,1,0,0,0.439393939,0.066759388,27,20
0,0,1,1,0,0,0,0,0,0,0,0,1,0,0.909090909,0.038942976,26,18
1,0,0,0,0,1,0,0,0,0,1,0,0,1,0.146464646,0.065368567,31,17
0,0,1,1,0,0,0,0,0,0,0,0,1,0,0.909090909,0.038942976,27,15
0,0,1,1,0,0,0,0,0,0,0,0,1,0,0.909090909,0.038942976,30,15
0,1,0,1,0,0,0,1,0,0,0,0,1,0,0.297979798,0.093184979,31,13
0,0,1,1,0,0,0,0,1,0,0,0,1,0,0.484848485,0.084840056,28,32
1,0,0,0,0,1,0,0,0,1,0,1,0,0,0.439393939,0.066759388,25,29
0,1,0,0,0,1,1,0,0,0,0,0,1,0,0.166666667,0.063977747,20,28
1,0,0,0,0,1,0,0,0,1,0,1,0,0,0.439393939,0.066759388,24,26
0,0,1,1,0,0,0,0,0,0,0,0,1,0,0.404040404,0.087621697,26,31
0,0,1,1,0,0,0,0,0,0,0,0,1,0,0.909090909,0.038942976,19,26
1,0,0,0,0,1,0,0,0,1,0,1,0,0,0.439393939,0.066759388,17,29
0,1,0,1,0,0,0,1,0,0,0,0,1,0,0.156565657,0.068150209,16,30
0,1,0,1,0,0,0,1,0,0,0,0,1,0,0.297979798,0.093184979,17,25
1,0,0,0,0,1,0,0,0,1,0,1,0,0,0.404040404,0.02364395,6,33
1,0,0,0,0,1,0,0,0,0,1,0,0,1,0.146464646,0.065368567,7,30
0,1,0,0,0,1,1,0,0,0,0,0,1,0,0,0.043115438,10,30
0,1,0,0,0,1,1,0,0,0,0,0,1,0,0.161616162,0.061196106,1,34
0,1,0,0,0,1,1,0,0,0,0,0,1,0,0.166666667,0.063977747,18,33
0,0,1,1,0,0,0,0,1,0,0,0,1,0,0.484848485,0.084840056,2,32
0,0,1,1,0,0,0,1,0,0,0,0,1,0,0.222222222,0.121001391,6,15
1,0,0,0,0,1,0,0,0,0,1,0,0,1,0.747474747,1,12,31
0,1,0,0,0,1,1,0,0,0,0,0,1,0,0.161616162,0.061196106,11,35
0,1,0,0,0,1,1,0,0,0,0,0,1,0,0,0.043115438,9,33
0,1,0,0,0,1,1,0,0,0,0,0,1,0,0.161616162,0.061196106,7,32
0,1,0,0,0,1,1,0,0,0,0,0,1,0,0.166666667,0.063977747,2,30
0,1,0,0,0,1,1,0,0,0,0,0,1,0,0.161616162,0.061196106,12,33
0,1,0,1,0,0,0,1,0,0,0,0,1,0,0.156565657,0.068150209,11,20
1,0,0,0,0,1,0,0,0,0,1,0,0,1,0.146464646,0.065368567,5,30
1,0,0,0,0,1,0,0,0,1,0,1,0,0,0.439393939,0.066759388,9,25
0,1,0,0,0,1,1,0,0,0,0,0,1,0,0,0.043115438,15,37
0,0,1,1,0,0,0,0,1,0,0,0,1,0,0.404040404,0.090403338,17,36
1,0,0,0,0,1,0,0,0,0,1,0,0,1,0.146464646,0.065368567,12,36
0,0,1,1,0,0,0,0,1,0,0,0,1,0,0.484848485,0.084840056,3,32
0,0,1,1,0,0,0,0,1,0,0,0,1,0,0.54040404,0.089012517,0,34
0,0,1,1,0,0,0,0,1,0,0,0,1,0,0.404040404,0.090403338,4,35
1,0,0,0,0,1,0,0,0,0,1,0,0,1,0.146464646,0.065368567,2,31
0,1,0,1,0,0,0,1,0,0,0,0,1,0,0.156565657,0.068150209,6,30
0,1,0,1,0,0,0,1,0,0,0,0,1,0,0.156565657,0.068150209,10,34
0,1,0,0,0,1,1,0,0,0,0,0,1,0,0,0.043115438,8,23
0,1,0,0,0,1,1,0,0,0,0,0,1,0,0.166666667,0.063977747,9,20
0,1,0,0,0,1,1,0,0,0,0,0,1,0,0.176767677,0.069541029,18,24
1,0,0,0,0,1,0,0,0,1,0,1,0,0,0.439393939,0.066759388,29,28
0,0,1,1,0,0,0,0,1,0,0,0,1,0,0.54040404,0.089012517,31,29
0,0,1,1,0,0,0,0,0,0,0,0,1,0,0.404040404,0.087621697,29,19
0,1,0,0,0,1,1,0,0,0,0,0,1,0,0.176767677,0.069541029,33,29
0,1,0,0,1,0,0,0,0,0,1,0,0,1,0.085858586,0.009735744,23,18
0,0,1,1,0,0,0,0,1,0,0,0,1,0,0.484848485,0.084840056,24,18
0,0,1,1,0,0,0,0,1,0,0,0,1,0,0.484848485,0.084840056,26,16
0,1,0,0,0,1,1,0,0,0,0,0,1,0,0.166666667,0.063977747,32,22
1,0,0,0,0,1,0,0,0,0,1,0,0,1,0.146464646,0.065368567,31,23
0,1,0,0,1,0,1,0,0,0,0,0,1,0,0.207070707,0.079276773,36,25
0,1,0,1,0,0,0,1,0,0,0,0,1,0,0.156565657,0.068150209,29,27
0,0,1,1,0,0,0,0,0,0,0,0,1,0,0.404040404,0.087621697,35,20
0,1,0,0,1,0,1,0,0,0,0,0,1,0,1,0,39,19
1,0,0,0,0,1,0,0,0,1,0,1,0,0,0.404040404,0.02364395,41,22
0,0,1,1,0,0,0,0,1,0,0,0,1,0,0.404040404,0.090403338,58,38
0,0,1,1,0,0,0,0,0,0,0,0,1,0,0.404040404,0.087621697,42,26
0,0,1,1,0,0,0,0,0,0,0,0,1,0,0.909090909,0.038942976,59,31
1,0,0,0,0,1,0,0,0,1,0,1,0,0,0.404040404,0.02364395,56,28
0,0,1,1,0,0,0,0,0,0,0,0,1,0,0.404040404,0.087621697,59,22
1,0,0,0,0,1,0,0,0,0,1,0,0,1,0.146464646,0.065368567,58,27
0,0,1,1,0,0,0,0,1,0,0,0,1,0,0.404040404,0.090403338,47,30
0,0,1,1,0,0,0,0,1,0,0,0,1,0,0.404040404,0.090403338,51,33
1,0,0,0,0,1,0,0,0,0,1,0,0,1,0.146464646,0.065368567,49,32
0,0,1,1,0,0,0,0,0,0,0,0,1,0,0.404040404,0.087621697,64,29
0,1,0,0,1,0,0,0,0,0,1,0,0,1,0.085858586,0.009735744,58,22
1,0,0,0,0,1,0,0,0,1,0,1,0,0,0.404040404,0.02364395,58,30
0,1,0,0,0,1,1,0,0,0,0,0,1,0,0.166666667,0.063977747,59,41
0,1,0,0,0,1,1,0,0,0,0,0,1,0,0.176767677,0.069541029,57,35
0,0,1,1,0,0,0,0,1,0,0,0,1,0,0.54040404,0.089012517,59,34
0,1,0,1,0,0,0,1,0,0,0,0,1,0,0.156565657,0.068150209,59,35
1,0,0,0,0,1,0,0,0,1,0,1,0,0,0.404040404,0.02364395,57,26
0,0,1,1,0,0,0,0,0,0,0,0,1,0,0.404040404,0.087621697,64,26
1,0,0,0,0,1,0,0,0,0,1,0,0,1,0.747474747,1,57,28
1,0,0,0,0,1,0,0,0,1,0,1,0,0,0.404040404,0.02364395,56,24
0,1,0,1,0,0,0,1,0,0,0,0,1,0,0.156565657,0.068150209,59,23
0,0,1,1,0,0,0,0,1,0,0,0,1,0,0.484848485,0.084840056,52,26
0,0,1,1,0,0,0,0,1,0,0,0,1,0,0.54040404,0.089012517,51,27
0,0,1,1,0,0,0,0,1,0,0,0,1,0,0.404040404,0.090403338,51,29
0,1,0,0,0,1,1,0,0,0,0,0,1,0,0,0.043115438,49,25
1,0,0,0,0,1,0,0,0,1,0,1,0,0,0.439393939,0.066759388,56,19
1,0,0,0,0,1,0,0,0,1,0,1,0,0,0.404040404,0.02364395,55,15
0,0,1,1,0,0,0,0,1,0,0,0,1,0,0.404040404,0.090403338,57,18
0,1,0,0,0,1,1,0,0,0,0,0,1,0,0.176767677,0.069541029,55,13
0,1,0,0,0,1,1,0,0,0,0,0,1,0,0.176767677,0.069541029,52,17
0,1,0,1,0,0,0,1,0,0,0,0,1,0,0.297979798,0.093184979,50,16
0,1,0,0,0,1,1,0,0,0,0,0,1,0,0.161616162,0.061196106,48,18
0,0,1,1,0,0,0,0,1,0,0,0,1,0,0.54040404,0.089012517,50,11
0,0,1,1,0,0,0,0,1,0,0,0,1,0,0.54040404,0.089012517,58,16
1,0,0,0,0,1,0,0,0,1,0,1,0,0,0.404040404,0.02364395,56,8
0,1,0,0,0,1,1,0,0,0,0,0,1,0,0.161616162,0.061196106,43,16
0,0,1,1,0,0,0,0,1,0,0,0,1,0,0.54040404,0.089012517,44,13
0,0,1,1,0,0,0,0,1,0,0,0,1,0,0.54040404,0.089012517,46,20
0,1,0,0,0,1,1,0,0,0,0,0,1,0,0.166666667,0.063977747,45,19
0,0,1,1,0,0,0,0,1,0,0,0,1,0,0.484848485,0.084840056,48,18
0,1,0,0,0,1,1,0,0,0,0,0,1,0,0.161616162,0.061196106,49,10
0,1,0,0,0,1,1,0,0,0,0,0,1,0,0.166666667,0.063977747,50,24
1,0,0,0,0,1,0,0,0,0,1,0,0,1,0.146464646,0.065368567,50,19
1,0,0,0,0,1,0,0,0,0,1,0,0,1,0.747474747,1,41,16
0,1,0,1,0,0,0,1,0,0,0,0,1,0,0.297979798,0.093184979,39,15
1,0,0,0,0,1,0,0,0,1,0,1,0,0,0.439393939,0.066759388,37,13
0,0,1,1,0,0,0,0,1,0,0,0,1,0,0.54040404,0.089012517,35,11
0,0,1,1,0,0,0,0,1,0,0,0,1,0,0.54040404,0.089012517,36,9
1,0,0,0,0,1,0,0,0,0,1,0,0,1,0.146464646,0.065368567,31,11
0,0,1,1,0,0,0,0,1,0,0,0,1,0,0.464646465,0.080667594,34,7
0,0,1,1,0,0,0,0,1,0,0,0,1,0,0.54040404,0.089012517,31,8
1,0,0,0,0,1,0,0,0,1,0,1,0,0,0.439393939,0.066759388,36,16
0,1,0,0,0,1,1,0,0,0,0,0,1,0,0.166666667,0.063977747,33,8
0,0,1,1,0,0,0,0,1,0,0,0,1,0,0.404040404,0.090403338,32,22
1,0,0,0,0,1,0,0,0,0,1,0,0,1,0.146464646,0.065368567,32,18
0,0,1,1,0,0,0,0,1,0,0,0,1,0,0.54040404,0.089012517,36,3
0,1,0,1,0,0,0,1,0,0,0,0,1,0,0.156565657,0.068150209,32,19
0,0,1,1,0,0,0,0,1,0,0,0,1,0,0.404040404,0.090403338,35,13
1,0,0,0,0,1,0,0,0,1,0,1,0,0,0.439393939,0.066759388,30,16
0,0,1,1,0,0,0,0,0,0,0,0,1,0,0.404040404,0.087621697,28,14
0,0,1,1,0,0,0,0,1,0,0,0,1,0,0.404040404,0.090403338,26,23
0,1,0,0,1,0,1,0,0,0,0,0,1,0,1,0,29,18
0,0,1,1,0,0,0,0,1,0,0,0,1,0,0.464646465,0.080667594,24,21
1,0,0,0,0,1,0,0,0,1,0,1,0,0,0.439393939,0.066759388,26,25
0,1,0,1,0,0,0,1,0,0,0,0,1,0,0.297979798,0.093184979,36,15
0,0,1,1,0,0,0,0,1,0,0,0,1,0,0.404040404,0.090403338,33,11
1,0,0,0,0,1,0,0,0,0,1,0,0,1,0.146464646,0.065368567,38,5
1,0,0,0,0,1,0,0,0,0,1,0,0,1,0.146464646,0.065368567,36,12
0,1,0,1,0,0,0,1,0,0,0,0,1,0,0.156565657,0.068150209,36,10
0,0,1,1,0,0,0,0,1,0,0,0,1,0,0.404040404,0.090403338,37,10
1,0,0,0,0,1,0,0,0,1,0,1,0,0,0.439393939,0.066759388,40,2
0,1,0,0,0,1,1,0,0,0,0,0,1,0,0,0.043115438,37,4
0,0,1,1,0,0,0,0,0,0,0,0,1,0,0.404040404,0.087621697,40,5
1,0,0,0,0,1,0,0,0,0,1,0,0,1,0.747474747,1,40,0
1,0,0,0,0,1,0,0,0,1,0,1,0,0,0.439393939,0.066759388,32,8
0,1,0,0,0,1,1,0,0,0,0,0,1,0,0.161616162,0.061196106,33,6
0,0,1,1,0,0,0,0,1,0,0,0,1,0,0.404040404,0.090403338,40,4
0,1,0,0,0,1,1,0,0,0,0,0,1,0,0.166666667,0.063977747,44,4
1,0,0,0,0,1,0,0,0,0,1,0,0,1,0.146464646,0.065368567,42,2
0,0,1,1,0,0,0,0,1,0,0,0,1,0,0.54040404,0.089012517,46,2
1,0,0,0,0,1,0,0,0,1,0,1,0,0,0.404040404,0.02364395,50,1
0,0,1,1,0,0,0,0,0,0,0,0,1,0,0.909090909,0.038942976,50,4
0,0,1,1,0,0,0,0,0,0,0,0,1,0,0.909090909,0.038942976,51,6
1,0,0,0,0,1,0,0,0,0,1,0,0,1,0.747474747,1,43,5
0,1,0,0,0,1,1,0,0,0,0,0,1,0,0.161616162,0.061196106,44,7
0,1,0,0,1,0,0,0,0,0,1,0,0,1,0.085858586,0.009735744,47,7
0,0,1,1,0,0,0,0,1,0,0,0,1,0,0.464646465,0.080667594,48,5
0,1,0,0,0,1,1,0,0,0,0,0,1,0,0.161616162,0.061196106,59,9
0,1,0,0,1,0,0,0,0,0,1,0,0,1,0.085858586,0.009735744,46,5
0,1,0,0,1,0,0,0,0,0,1,0,0,1,0.085858586,0.009735744,41,4
0,0,1,1,0,0,0,0,0,0,0,0,1,0,0.909090909,0.038942976,57,23
0,0,1,1,0,0,0,0,1,0,0,0,1,0,0.464646465,0.080667594,55,27
0,1,0,0,0,1,1,0,0,0,0,0,1,0,0.176767677,0.069541029,53,11
1,0,0,0,0,1,0,0,0,1,0,1,0,0,0.404040404,0.02364395,52,13
0,1,0,0,1,0,0,0,0,0,1,0,0,1,0.085858586,0.009735744,51,12
1,0,0,0,0,1,0,0,0,1,0,1,0,0,0.439393939,0.066759388,50,11
0,0,1,1,0,0,0,0,1,0,0,0,1,0,0.54040404,0.089012517,49,14
0,1,0,0,0,1,1,0,0,0,0,0,1,0,0.161616162,0.061196106,50,10
0,0,1,1,0,0,0,0,1,0,0,0,1,0,0.404040404,0.090403338,59,10
1,0,0,0,0,1,0,0,0,0,1,0,0,1,0.146464646,0.065368567,58,14
0,1,0,0,1,0,1,0,0,0,0,0,1,0,1,0,58,15
0,1,0,1,0,0,0,1,0,0,0,0,1,0,0.297979798,0.093184979,59,19
0,0,1,1,0,0,0,0,1,0,0,0,1,0,0.54040404,0.089012517,62,22
0,0,1,1,0,0,0,0,1,0,0,0,1,0,0.404040404,0.090403338,54,20
0,0,1,1,0,0,0,0,0,0,0,0,1,0,0.404040404,0.087621697,54,23
0,0,1,1,0,0,0,1,0,0,0,0,1,0,0.222222222,0.121001391,55,24
