"charged(side chain can make salt bridges)","Polar(usually participate in hydrogen bonds as proton donnars & acceptors)","Hydrophobic(normally burried inside the protein core)","Hydrophobic","Moderate","Hydrophillic","polar","Aromatic","Aliphatic","Acid","Basic","negative charge","Neutral","positive charge","Pka_NH2","P_ka_COOH","y","z"
1,0,0,0,0,1,0,0,0,1,0,1,0,0,0.404040404,0.02364395,30,12
0,1,0,0,0,1,1,0,0,0,0,0,1,0,0.176767677,0.069541029,31,10
0,0,1,1,0,0,0,0,1,0,0,0,1,0,0.484848485,0.084840056,32,5
0,1,0,0,0,1,1,0,0,0,0,0,1,0,0.166666667,0.063977747,32,11
0,0,1,1,0,0,0,0,1,0,0,0,1,0,0.54040404,0.089012517,28,8
1,0,0,0,0,1,0,0,0,1,0,1,0,0,0.439393939,0.066759388,32,2
1,0,0,0,0,1,0,0,0,1,0,1,0,0,0.439393939,0.066759388,34,6
0,1,0,1,0,0,0,1,0,0,0,0,1,0,0.297979798,0.093184979,34,3
0,1,0,1,0,0,0,1,0,0,0,0,1,0,0.156565657,0.068150209,34,9
0,0,1,1,0,0,0,1,0,0,0,0,1,0,0.222222222,0.121001391,32,0
0,0,1,1,0,0,0,0,0,0,0,0,1,0,0.404040404,0.087621697,30,11
1,0,0,0,0,1,0,0,0,0,1,0,0,1,0.747474747,1,30,12
0,0,1,1,0,0,0,0,1,0,0,0,1,0,0.484848485,0.084840056,26,8
0,1,0,0,0,1,1,0,0,0,0,0,1,0,0.161616162,0.061196106,24,9
1,0,0,0,0,1,0,0,0,0,1,0,0,1,0.146464646,0.065368567,25,10
1,0,0,0,0,1,0,0,0,0,1,0,0,1,0.146464646,0.065368567,21,9
1,0,0,0,0,1,0,0,0,1,0,1,0,0,0.439393939,0.066759388,29,6
0,1,0,0,0,1,1,0,0,0,0,0,1,0,0.176767677,0.069541029,31,16
1,0,0,0,0,1,0,0,0,1,0,1,0,0,0.439393939,0.066759388,33,16
1,0,0,0,0,1,0,0,0,0,1,0,0,1,0.146464646,0.065368567,35,14
0,0,1,1,0,0,0,0,1,0,0,0,1,0,0.404040404,0.090403338,28,17
0,0,1,1,0,0,0,0,1,0,0,0,1,0,0.404040404,0.090403338,26,18
0,0,1,1,0,0,0,0,1,0,0,0,1,0,0.404040404,0.090403338,24,18
0,1,0,0,0,1,1,0,0,0,0,0,1,0,0,0.043115438,22,19
0,0,1,1,0,0,0,0,1,0,0,0,1,0,0.54040404,0.089012517,23,17
1,0,0,0,0,1,0,0,0,1,0,1,0,0,0.439393939,0.066759388,40,14
0,1,0,0,0,1,1,0,0,0,0,0,1,0,0,0.043115438,34,2
0,0,1,1,0,0,0,0,0,0,0,0,1,0,0.909090909,0.038942976,40,13
1,0,0,0,0,1,0,0,0,0,1,0,0,1,0.146464646,0.065368567,36,12
0,0,1,1,0,0,0,0,0,0,0,0,1,0,0.404040404,0.087621697,36,11
0,1,0,0,0,1,1,0,0,0,0,0,1,0,0.161616162,0.061196106,37,13
0,0,1,1,0,0,0,1,0,0,0,0,1,0,0.222222222,0.121001391,35,15
0,0,1,1,0,0,0,0,1,0,0,0,1,0,0.404040404,0.090403338,27,5
0,0,1,1,0,0,0,0,1,0,0,0,1,0,0.464646465,0.080667594,35,4
1,0,0,0,0,1,0,0,0,0,1,0,0,1,0.146464646,0.065368567,37,4
1,0,0,0,0,1,0,0,0,1,0,1,0,0,0.439393939,0.066759388,34,12
0,1,0,0,0,1,1,0,0,0,0,0,1,0,0.176767677,0.069541029,39,11
1,0,0,0,0,1,0,0,0,1,0,1,0,0,0.439393939,0.066759388,39,14
0,1,0,0,0,1,1,0,0,0,0,0,1,0,0.161616162,0.061196106,37,15
0,1,0,0,0,1,1,0,0,0,0,0,1,0,0.161616162,0.061196106,37,17
1,0,0,0,0,1,0,0,0,0,1,0,0,1,0.747474747,1,41,13
0,0,1,1,0,0,0,0,0,0,0,0,1,0,0.404040404,0.087621697,41,11
0,0,1,1,0,0,0,0,1,0,0,0,1,0,0.54040404,0.089012517,43,10
0,1,0,1,0,0,0,1,0,0,0,0,1,0,0.156565657,0.068150209,44,11
0,1,0,0,0,1,1,0,0,0,0,0,1,0,0.176767677,0.069541029,42,7
0,0,1,1,0,0,0,0,1,0,0,0,1,0,0.404040404,0.090403338,35,13
0,1,0,0,0,1,1,0,0,0,0,0,1,0,0.176767677,0.069541029,32,14
0,0,1,1,0,0,0,0,1,0,0,0,1,0,0.464646465,0.080667594,30,15
0,1,0,0,0,1,1,0,0,0,0,0,1,0,0.176767677,0.069541029,28,15
1,0,0,0,0,1,0,0,0,1,0,1,0,0,0.404040404,0.02364395,32,11
0,0,1,1,0,0,0,1,0,0,0,0,1,0,0.222222222,0.121001391,32,9
1,0,0,0,0,1,0,0,0,1,0,1,0,0,0.404040404,0.02364395,34,7
0,1,0,0,0,1,1,0,0,0,0,0,1,0,0,0.043115438,33,5
0,0,1,1,0,0,0,0,1,0,0,0,1,0,0.54040404,0.089012517,31,5
1,0,0,0,0,1,0,0,0,0,1,0,0,1,0.747474747,1,30,4
0,0,1,1,0,0,0,0,0,0,0,0,1,0,0.404040404,0.087621697,26,7
0,0,1,1,0,0,0,0,1,0,0,0,1,0,0.404040404,0.090403338,34,3
0,1,0,0,0,1,1,0,0,0,0,0,1,0,0,0.043115438,30,15
0,0,1,1,0,0,0,0,1,0,0,0,1,0,0.464646465,0.080667594,28,19
1,0,0,0,0,1,0,0,0,0,1,0,0,1,0.747474747,1,18,17
0,1,0,0,1,0,0,0,0,0,1,0,0,1,0.085858586,0.009735744,21,16
0,1,0,1,0,0,0,1,0,0,0,0,1,0,0.156565657,0.068150209,14,27
1,0,0,0,0,1,0,0,0,0,1,0,0,1,0.747474747,1,24,24
0,0,1,1,0,0,0,0,1,0,0,0,1,0,0.484848485,0.084840056,29,27
1,0,0,0,0,1,0,0,0,0,1,0,0,1,0.146464646,0.065368567,32,27
1,0,0,0,0,1,0,0,0,0,1,0,0,1,0.747474747,1,33,25
0,0,1,1,0,0,0,0,1,0,0,0,1,0,0.404040404,0.090403338,23,23
1,0,0,0,0,1,0,0,0,1,0,1,0,0,0.404040404,0.02364395,22,23
0,1,0,0,0,1,1,0,0,0,0,0,1,0,0.176767677,0.069541029,12,26
0,0,1,1,0,0,0,0,0,0,0,0,1,0,0.404040404,0.087621697,18,24
0,0,1,1,0,0,0,0,0,0,0,0,1,0,0.404040404,0.087621697,24,21
0,0,1,1,0,0,0,1,0,0,0,0,1,0,0.222222222,0.121001391,16,28
0,1,0,1,0,0,0,1,0,0,0,0,1,0,0.156565657,0.068150209,17,31
0,0,1,1,0,0,0,0,1,0,0,0,1,0,0.484848485,0.084840056,15,33
0,1,0,0,0,1,1,0,0,0,0,0,1,0,0.161616162,0.061196106,11,27
0,1,0,0,0,1,1,0,0,0,0,0,1,0,0.176767677,0.069541029,15,28
1,0,0,0,0,1,0,0,0,0,1,0,0,1,0.146464646,0.065368567,12,27
0,1,0,0,0,1,1,0,0,0,0,0,1,0,0.161616162,0.061196106,18,30
0,1,0,0,0,1,1,0,0,0,0,0,1,0,0.166666667,0.063977747,18,32
0,0,1,1,0,0,0,1,0,0,0,0,1,0,0.222222222,0.121001391,11,39
0,1,0,0,0,1,1,0,0,0,0,0,1,0,0,0.043115438,14,30
0,1,0,0,0,1,1,0,0,0,0,0,1,0,0.176767677,0.069541029,20,32
0,0,1,1,0,0,0,0,1,0,0,0,1,0,0.404040404,0.090403338,10,46
0,1,0,0,0,1,1,0,0,0,0,0,1,0,0.166666667,0.063977747,22,31
0,1,0,0,0,1,1,0,0,0,0,0,1,0,0.166666667,0.063977747,19,29
0,0,1,1,0,0,0,0,1,0,0,0,1,0,0.404040404,0.090403338,14,34
0,0,1,1,0,0,0,0,1,0,0,0,1,0,0.464646465,0.080667594,12,35
0,0,1,1,0,0,0,0,1,0,0,0,1,0,0.54040404,0.089012517,12,33
0,1,0,1,0,0,0,1,0,0,0,0,1,0,0.156565657,0.068150209,1,28
0,1,0,1,0,0,0,1,0,0,0,0,1,0,0.156565657,0.068150209,11,38
0,1,0,0,0,1,1,0,0,0,0,0,1,0,0.176767677,0.069541029,13,39
1,0,0,0,0,1,0,0,0,0,1,0,0,1,0.747474747,1,15,36
0,1,0,0,1,0,0,0,0,0,1,0,0,1,0.085858586,0.009735744,9,33
0,0,1,1,0,0,0,0,1,0,0,0,1,0,0.54040404,0.089012517,13,54
1,0,0,0,0,1,0,0,0,1,0,1,0,0,0.404040404,0.02364395,10,53
0,0,1,1,0,0,0,0,0,0,0,0,1,0,0.404040404,0.087621697,4,33
0,0,1,1,0,0,0,0,1,0,0,0,1,0,0.404040404,0.090403338,1,25
0,1,0,0,1,0,1,0,0,0,0,0,1,0,1,0,9,50
0,1,0,0,1,0,0,0,0,0,1,0,0,1,0.085858586,0.009735744,1,29
1,0,0,0,0,1,0,0,0,0,1,0,0,1,0.146464646,0.065368567,8,33
0,0,1,1,0,0,0,0,1,0,0,0,1,0,0.404040404,0.090403338,2,29
0,1,0,0,0,1,1,0,0,0,0,0,1,0,0.161616162,0.061196106,0,28
0,1,0,0,0,1,1,0,0,0,0,0,1,0,0.161616162,0.061196106,1,25
0,0,1,1,0,0,0,0,1,0,0,0,1,0,0.464646465,0.080667594,10,51
0,1,0,0,1,0,1,0,0,0,0,0,1,0,1,0,10,37
0,0,1,1,0,0,0,0,0,0,0,0,1,0,0.909090909,0.038942976,11,39
1,0,0,0,0,1,0,0,0,1,0,1,0,0,0.439393939,0.066759388,12,48
0,0,1,1,0,0,0,0,1,0,0,0,1,0,0.54040404,0.089012517,15,39
1,0,0,0,0,1,0,0,0,1,0,1,0,0,0.439393939,0.066759388,10,41
1,0,0,0,0,1,0,0,0,1,0,1,0,0,0.439393939,0.066759388,11,48
0,1,0,1,0,0,0,1,0,0,0,0,1,0,0.297979798,0.093184979,11,51
0,1,0,1,0,0,0,1,0,0,0,0,1,0,0.156565657,0.068150209,13,53
0,0,1,1,0,0,0,1,0,0,0,0,1,0,0.222222222,0.121001391,14,52
0,0,1,1,0,0,0,0,0,0,0,0,1,0,0.404040404,0.087621697,18,39
1,0,0,0,0,1,0,0,0,0,1,0,0,1,0.747474747,1,19,36
0,0,1,1,0,0,0,0,1,0,0,0,1,0,0.484848485,0.084840056,21,36
0,1,0,0,0,1,1,0,0,0,0,0,1,0,0.161616162,0.061196106,19,39
1,0,0,0,0,1,0,0,0,0,1,0,0,1,0.146464646,0.065368567,22,39
1,0,0,0,0,1,0,0,0,0,1,0,0,1,0.146464646,0.065368567,23,41
1,0,0,0,0,1,0,0,0,1,0,1,0,0,0.439393939,0.066759388,23,43
0,1,0,0,0,1,1,0,0,0,0,0,1,0,0.176767677,0.069541029,26,41
1,0,0,0,0,1,0,0,0,1,0,1,0,0,0.439393939,0.066759388,16,34
1,0,0,0,0,1,0,0,0,0,1,0,0,1,0.146464646,0.065368567,19,31
0,0,1,1,0,0,0,0,1,0,0,0,1,0,0.404040404,0.090403338,19,32
0,0,1,1,0,0,0,0,1,0,0,0,1,0,0.404040404,0.090403338,21,35
0,0,1,1,0,0,0,0,1,0,0,0,1,0,0.404040404,0.090403338,13,32
0,1,0,0,0,1,1,0,0,0,0,0,1,0,0,0.043115438,14,30
0,0,1,1,0,0,0,0,1,0,0,0,1,0,0.54040404,0.089012517,17,33
1,0,0,0,0,1,0,0,0,1,0,1,0,0,0.439393939,0.066759388,17,34
0,1,0,0,0,1,1,0,0,0,0,0,1,0,0,0.043115438,19,36
0,0,1,1,0,0,0,0,0,0,0,0,1,0,0.909090909,0.038942976,15,35
1,0,0,0,0,1,0,0,0,0,1,0,0,1,0.146464646,0.065368567,10,35
0,0,1,1,0,0,0,0,0,0,0,0,1,0,0.404040404,0.087621697,8,32
0,1,0,0,0,1,1,0,0,0,0,0,1,0,0.161616162,0.061196106,22,40
0,0,1,1,0,0,0,1,0,0,0,0,1,0,0.222222222,0.121001391,25,38
0,0,1,1,0,0,0,0,1,0,0,0,1,0,0.404040404,0.090403338,26,39
0,0,1,1,0,0,0,0,1,0,0,0,1,0,0.464646465,0.080667594,24,44
1,0,0,0,0,1,0,0,0,0,1,0,0,1,0.146464646,0.065368567,25,46
1,0,0,0,0,1,0,0,0,1,0,1,0,0,0.439393939,0.066759388,26,45
0,1,0,0,0,1,1,0,0,0,0,0,1,0,0.176767677,0.069541029,28,44
1,0,0,0,0,1,0,0,0,1,0,1,0,0,0.439393939,0.066759388,30,44
