"charged(side chain can make salt bridges)","Polar(usually participate in hydrogen bonds as proton donnars & acceptors)","Hydrophobic(normally burried inside the protein core)","Hydrophobic","Moderate","Hydrophillic","polar","Aromatic","Aliphatic","Acid","Basic","negative charge","Neutral","positive charge","Pka_NH2","P_ka_COOH","x","z"
1,0,0,0,0,1,0,0,0,1,0,1,0,0,0.404040404,0.02364395,46,12
0,1,0,0,0,1,1,0,0,0,0,0,1,0,0.176767677,0.069541029,46,10
0,0,1,1,0,0,0,0,1,0,0,0,1,0,0.484848485,0.084840056,43,5
0,1,0,0,0,1,1,0,0,0,0,0,1,0,0.166666667,0.063977747,41,11
0,0,1,1,0,0,0,0,1,0,0,0,1,0,0.54040404,0.089012517,46,8
1,0,0,0,0,1,0,0,0,1,0,1,0,0,0.439393939,0.066759388,39,2
1,0,0,0,0,1,0,0,0,1,0,1,0,0,0.439393939,0.066759388,40,6
0,1,0,1,0,0,0,1,0,0,0,0,1,0,0.297979798,0.093184979,39,3
0,1,0,1,0,0,0,1,0,0,0,0,1,0,0.156565657,0.068150209,36,9
0,0,1,1,0,0,0,1,0,0,0,0,1,0,0.222222222,0.121001391,39,0
0,0,1,1,0,0,0,0,0,0,0,0,1,0,0.404040404,0.087621697,34,11
1,0,0,0,0,1,0,0,0,0,1,0,0,1,0.747474747,1,32,12
0,0,1,1,0,0,0,0,1,0,0,0,1,0,0.484848485,0.084840056,35,8
0,1,0,0,0,1,1,0,0,0,0,0,1,0,0.161616162,0.061196106,32,9
1,0,0,0,0,1,0,0,0,0,1,0,0,1,0.146464646,0.065368567,37,10
1,0,0,0,0,1,0,0,0,0,1,0,0,1,0.146464646,0.065368567,33,9
1,0,0,0,0,1,0,0,0,1,0,1,0,0,0.439393939,0.066759388,38,6
0,1,0,0,0,1,1,0,0,0,0,0,1,0,0.176767677,0.069541029,36,16
1,0,0,0,0,1,0,0,0,1,0,1,0,0,0.439393939,0.066759388,35,16
1,0,0,0,0,1,0,0,0,0,1,0,0,1,0.146464646,0.065368567,35,14
0,0,1,1,0,0,0,0,1,0,0,0,1,0,0.404040404,0.090403338,41,17
0,0,1,1,0,0,0,0,1,0,0,0,1,0,0.404040404,0.090403338,40,18
0,0,1,1,0,0,0,0,1,0,0,0,1,0,0.404040404,0.090403338,41,18
0,1,0,0,0,1,1,0,0,0,0,0,1,0,0,0.043115438,40,19
0,0,1,1,0,0,0,0,1,0,0,0,1,0,0.54040404,0.089012517,42,17
1,0,0,0,0,1,0,0,0,1,0,1,0,0,0.439393939,0.066759388,35,14
0,1,0,0,0,1,1,0,0,0,0,0,1,0,0,0.043115438,29,2
0,0,1,1,0,0,0,0,0,0,0,0,1,0,0.909090909,0.038942976,30,13
1,0,0,0,0,1,0,0,0,0,1,0,0,1,0.146464646,0.065368567,30,12
0,0,1,1,0,0,0,0,0,0,0,0,1,0,0.404040404,0.087621697,27,11
0,1,0,0,0,1,1,0,0,0,0,0,1,0,0.161616162,0.061196106,25,13
0,0,1,1,0,0,0,1,0,0,0,0,1,0,0.222222222,0.121001391,25,15
0,0,1,1,0,0,0,0,1,0,0,0,1,0,0.404040404,0.090403338,24,5
0,0,1,1,0,0,0,0,1,0,0,0,1,0,0.464646465,0.080667594,27,4
1,0,0,0,0,1,0,0,0,0,1,0,0,1,0.146464646,0.065368567,26,4
1,0,0,0,0,1,0,0,0,1,0,1,0,0,0.439393939,0.066759388,31,12
0,1,0,0,0,1,1,0,0,0,0,0,1,0,0.176767677,0.069541029,23,11
1,0,0,0,0,1,0,0,0,1,0,1,0,0,0.439393939,0.066759388,21,14
0,1,0,0,0,1,1,0,0,0,0,0,1,0,0.161616162,0.061196106,19,15
0,1,0,0,0,1,1,0,0,0,0,0,1,0,0.161616162,0.061196106,18,17
1,0,0,0,0,1,0,0,0,0,1,0,0,1,0.747474747,1,19,13
0,0,1,1,0,0,0,0,0,0,0,0,1,0,0.404040404,0.087621697,18,11
0,0,1,1,0,0,0,0,1,0,0,0,1,0,0.54040404,0.089012517,16,10
0,1,0,1,0,0,0,1,0,0,0,0,1,0,0.156565657,0.068150209,15,11
0,1,0,0,0,1,1,0,0,0,0,0,1,0,0.176767677,0.069541029,15,7
0,0,1,1,0,0,0,0,1,0,0,0,1,0,0.404040404,0.090403338,19,13
0,1,0,0,0,1,1,0,0,0,0,0,1,0,0.176767677,0.069541029,17,14
0,0,1,1,0,0,0,0,1,0,0,0,1,0,0.464646465,0.080667594,19,15
0,1,0,0,0,1,1,0,0,0,0,0,1,0,0.176767677,0.069541029,18,15
1,0,0,0,0,1,0,0,0,1,0,1,0,0,0.404040404,0.02364395,16,11
0,0,1,1,0,0,0,1,0,0,0,0,1,0,0.222222222,0.121001391,17,9
1,0,0,0,0,1,0,0,0,1,0,1,0,0,0.404040404,0.02364395,17,7
0,1,0,0,0,1,1,0,0,0,0,0,1,0,0,0.043115438,19,5
0,0,1,1,0,0,0,0,1,0,0,0,1,0,0.54040404,0.089012517,20,5
1,0,0,0,0,1,0,0,0,0,1,0,0,1,0.747474747,1,22,4
0,0,1,1,0,0,0,0,0,0,0,0,1,0,0.404040404,0.087621697,23,7
0,0,1,1,0,0,0,0,1,0,0,0,1,0,0.404040404,0.090403338,19,3
0,1,0,0,0,1,1,0,0,0,0,0,1,0,0,0.043115438,22,15
0,0,1,1,0,0,0,0,1,0,0,0,1,0,0.464646465,0.080667594,24,19
1,0,0,0,0,1,0,0,0,0,1,0,0,1,0.747474747,1,33,17
0,1,0,0,1,0,0,0,0,0,1,0,0,1,0.085858586,0.009735744,30,16
0,1,0,1,0,0,0,1,0,0,0,0,1,0,0.156565657,0.068150209,39,27
1,0,0,0,0,1,0,0,0,0,1,0,0,1,0.747474747,1,25,24
0,0,1,1,0,0,0,0,1,0,0,0,1,0,0.484848485,0.084840056,18,27
1,0,0,0,0,1,0,0,0,0,1,0,0,1,0.146464646,0.065368567,17,27
1,0,0,0,0,1,0,0,0,0,1,0,0,1,0.747474747,1,16,25
0,0,1,1,0,0,0,0,1,0,0,0,1,0,0.404040404,0.090403338,27,23
1,0,0,0,0,1,0,0,0,1,0,1,0,0,0.404040404,0.02364395,29,23
0,1,0,0,0,1,1,0,0,0,0,0,1,0,0.176767677,0.069541029,42,26
0,0,1,1,0,0,0,0,0,0,0,0,1,0,0.404040404,0.087621697,27,24
0,0,1,1,0,0,0,0,0,0,0,0,1,0,0.404040404,0.087621697,27,21
0,0,1,1,0,0,0,1,0,0,0,0,1,0,0.222222222,0.121001391,30,28
0,1,0,1,0,0,0,1,0,0,0,0,1,0,0.156565657,0.068150209,28,31
0,0,1,1,0,0,0,0,1,0,0,0,1,0,0.484848485,0.084840056,28,33
0,1,0,0,0,1,1,0,0,0,0,0,1,0,0.161616162,0.061196106,40,27
0,1,0,0,0,1,1,0,0,0,0,0,1,0,0.176767677,0.069541029,34,28
1,0,0,0,0,1,0,0,0,0,1,0,0,1,0.146464646,0.065368567,41,27
0,1,0,0,0,1,1,0,0,0,0,0,1,0,0.161616162,0.061196106,25,30
0,1,0,0,0,1,1,0,0,0,0,0,1,0,0.166666667,0.063977747,23,32
0,0,1,1,0,0,0,1,0,0,0,0,1,0,0.222222222,0.121001391,22,39
0,1,0,0,0,1,1,0,0,0,0,0,1,0,0,0.043115438,22,30
0,1,0,0,0,1,1,0,0,0,0,0,1,0,0.176767677,0.069541029,21,32
0,0,1,1,0,0,0,0,1,0,0,0,1,0,0.404040404,0.090403338,11,46
0,1,0,0,0,1,1,0,0,0,0,0,1,0,0.166666667,0.063977747,17,31
0,1,0,0,0,1,1,0,0,0,0,0,1,0,0.166666667,0.063977747,25,29
0,0,1,1,0,0,0,0,1,0,0,0,1,0,0.404040404,0.090403338,21,34
0,0,1,1,0,0,0,0,1,0,0,0,1,0,0.464646465,0.080667594,20,35
0,0,1,1,0,0,0,0,1,0,0,0,1,0,0.54040404,0.089012517,17,33
0,1,0,1,0,0,0,1,0,0,0,0,1,0,0.156565657,0.068150209,8,28
0,1,0,1,0,0,0,1,0,0,0,0,1,0,0.156565657,0.068150209,20,38
0,1,0,0,0,1,1,0,0,0,0,0,1,0,0.176767677,0.069541029,18,39
1,0,0,0,0,1,0,0,0,0,1,0,0,1,0.747474747,1,21,36
0,1,0,0,1,0,0,0,0,0,1,0,0,1,0.085858586,0.009735744,16,33
0,0,1,1,0,0,0,0,1,0,0,0,1,0,0.54040404,0.089012517,11,54
1,0,0,0,0,1,0,0,0,1,0,1,0,0,0.404040404,0.02364395,14,53
0,0,1,1,0,0,0,0,0,0,0,0,1,0,0.404040404,0.087621697,12,33
0,0,1,1,0,0,0,0,1,0,0,0,1,0,0.404040404,0.090403338,8,25
0,1,0,0,1,0,1,0,0,0,0,0,1,0,1,0,14,50
0,1,0,0,1,0,0,0,0,0,1,0,0,1,0.085858586,0.009735744,5,29
1,0,0,0,0,1,0,0,0,0,1,0,0,1,0.146464646,0.065368567,17,33
0,0,1,1,0,0,0,0,1,0,0,0,1,0,0.404040404,0.090403338,11,29
0,1,0,0,0,1,1,0,0,0,0,0,1,0,0.161616162,0.061196106,4,28
0,1,0,0,0,1,1,0,0,0,0,0,1,0,0.161616162,0.061196106,10,25
0,0,1,1,0,0,0,0,1,0,0,0,1,0,0.464646465,0.080667594,13,51
0,1,0,0,1,0,1,0,0,0,0,0,1,0,1,0,12,37
0,0,1,1,0,0,0,0,0,0,0,0,1,0,0.909090909,0.038942976,10,39
1,0,0,0,0,1,0,0,0,1,0,1,0,0,0.439393939,0.066759388,8,48
0,0,1,1,0,0,0,0,1,0,0,0,1,0,0.54040404,0.089012517,8,39
1,0,0,0,0,1,0,0,0,1,0,1,0,0,0.439393939,0.066759388,11,41
1,0,0,0,0,1,0,0,0,1,0,1,0,0,0.439393939,0.066759388,10,48
0,1,0,1,0,0,0,1,0,0,0,0,1,0,0.297979798,0.093184979,11,51
0,1,0,1,0,0,0,1,0,0,0,0,1,0,0.156565657,0.068150209,10,53
0,0,1,1,0,0,0,1,0,0,0,0,1,0,0.222222222,0.121001391,8,52
0,0,1,1,0,0,0,0,0,0,0,0,1,0,0.404040404,0.087621697,13,39
1,0,0,0,0,1,0,0,0,0,1,0,0,1,0.747474747,1,12,36
0,0,1,1,0,0,0,0,1,0,0,0,1,0,0.484848485,0.084840056,10,36
0,1,0,0,0,1,1,0,0,0,0,0,1,0,0.161616162,0.061196106,16,39
1,0,0,0,0,1,0,0,0,0,1,0,0,1,0.146464646,0.065368567,17,39
1,0,0,0,0,1,0,0,0,0,1,0,0,1,0.146464646,0.065368567,16,41
1,0,0,0,0,1,0,0,0,1,0,1,0,0,0.439393939,0.066759388,15,43
0,1,0,0,0,1,1,0,0,0,0,0,1,0,0.176767677,0.069541029,16,41
1,0,0,0,0,1,0,0,0,1,0,1,0,0,0.439393939,0.066759388,7,34
1,0,0,0,0,1,0,0,0,0,1,0,0,1,0.146464646,0.065368567,11,31
0,0,1,1,0,0,0,0,1,0,0,0,1,0,0.404040404,0.090403338,8,32
0,0,1,1,0,0,0,0,1,0,0,0,1,0,0.404040404,0.090403338,1,35
0,0,1,1,0,0,0,0,1,0,0,0,1,0,0.404040404,0.090403338,2,32
0,1,0,0,0,1,1,0,0,0,0,0,1,0,0,0.043115438,11,30
0,0,1,1,0,0,0,0,1,0,0,0,1,0,0.54040404,0.089012517,6,33
1,0,0,0,0,1,0,0,0,1,0,1,0,0,0.439393939,0.066759388,4,34
0,1,0,0,0,1,1,0,0,0,0,0,1,0,0,0.043115438,3,36
0,0,1,1,0,0,0,0,0,0,0,0,1,0,0.909090909,0.038942976,3,35
1,0,0,0,0,1,0,0,0,0,1,0,0,1,0.146464646,0.065368567,0,35
0,0,1,1,0,0,0,0,0,0,0,0,1,0,0.404040404,0.087621697,2,32
0,1,0,0,0,1,1,0,0,0,0,0,1,0,0.161616162,0.061196106,4,40
0,0,1,1,0,0,0,1,0,0,0,0,1,0,0.222222222,0.121001391,4,38
0,0,1,1,0,0,0,0,1,0,0,0,1,0,0.404040404,0.090403338,2,39
0,0,1,1,0,0,0,0,1,0,0,0,1,0,0.464646465,0.080667594,6,44
1,0,0,0,0,1,0,0,0,0,1,0,0,1,0.146464646,0.065368567,8,46
1,0,0,0,0,1,0,0,0,1,0,1,0,0,0.439393939,0.066759388,10,45
0,1,0,0,0,1,1,0,0,0,0,0,1,0,0.176767677,0.069541029,11,44
1,0,0,0,0,1,0,0,0,1,0,1,0,0,0.439393939,0.066759388,9,44
