"charged(side chain can make salt bridges)","Polar(usually participate in hydrogen bonds as proton donnars & acceptors)","Hydrophobic(normally burried inside the protein core)","Hydrophobic","Moderate","Hydrophillic","polar","Aromatic","Aliphatic","Acid","Basic","negative charge","Neutral","positive charge","Pka_NH2","P_ka_COOH","x","y"
1,0,0,0,0,1,0,0,0,1,0,1,0,0,0.404040404,0.02364395,46,30
0,1,0,0,0,1,1,0,0,0,0,0,1,0,0.176767677,0.069541029,46,31
0,0,1,1,0,0,0,0,1,0,0,0,1,0,0.484848485,0.084840056,43,32
0,1,0,0,0,1,1,0,0,0,0,0,1,0,0.166666667,0.063977747,41,32
0,0,1,1,0,0,0,0,1,0,0,0,1,0,0.54040404,0.089012517,46,28
1,0,0,0,0,1,0,0,0,1,0,1,0,0,0.439393939,0.066759388,39,32
1,0,0,0,0,1,0,0,0,1,0,1,0,0,0.439393939,0.066759388,40,34
0,1,0,1,0,0,0,1,0,0,0,0,1,0,0.297979798,0.093184979,39,34
0,1,0,1,0,0,0,1,0,0,0,0,1,0,0.156565657,0.068150209,36,34
0,0,1,1,0,0,0,1,0,0,0,0,1,0,0.222222222,0.121001391,39,32
0,0,1,1,0,0,0,0,0,0,0,0,1,0,0.404040404,0.087621697,34,30
1,0,0,0,0,1,0,0,0,0,1,0,0,1,0.747474747,1,32,30
0,0,1,1,0,0,0,0,1,0,0,0,1,0,0.484848485,0.084840056,35,26
0,1,0,0,0,1,1,0,0,0,0,0,1,0,0.161616162,0.061196106,32,24
1,0,0,0,0,1,0,0,0,0,1,0,0,1,0.146464646,0.065368567,37,25
1,0,0,0,0,1,0,0,0,0,1,0,0,1,0.146464646,0.065368567,33,21
1,0,0,0,0,1,0,0,0,1,0,1,0,0,0.439393939,0.066759388,38,29
0,1,0,0,0,1,1,0,0,0,0,0,1,0,0.176767677,0.069541029,36,31
1,0,0,0,0,1,0,0,0,1,0,1,0,0,0.439393939,0.066759388,35,33
1,0,0,0,0,1,0,0,0,0,1,0,0,1,0.146464646,0.065368567,35,35
0,0,1,1,0,0,0,0,1,0,0,0,1,0,0.404040404,0.090403338,41,28
0,0,1,1,0,0,0,0,1,0,0,0,1,0,0.404040404,0.090403338,40,26
0,0,1,1,0,0,0,0,1,0,0,0,1,0,0.404040404,0.090403338,41,24
0,1,0,0,0,1,1,0,0,0,0,0,1,0,0,0.043115438,40,22
0,0,1,1,0,0,0,0,1,0,0,0,1,0,0.54040404,0.089012517,42,23
1,0,0,0,0,1,0,0,0,1,0,1,0,0,0.439393939,0.066759388,35,40
0,1,0,0,0,1,1,0,0,0,0,0,1,0,0,0.043115438,29,34
0,0,1,1,0,0,0,0,0,0,0,0,1,0,0.909090909,0.038942976,30,40
1,0,0,0,0,1,0,0,0,0,1,0,0,1,0.146464646,0.065368567,30,36
0,0,1,1,0,0,0,0,0,0,0,0,1,0,0.404040404,0.087621697,27,36
0,1,0,0,0,1,1,0,0,0,0,0,1,0,0.161616162,0.061196106,25,37
0,0,1,1,0,0,0,1,0,0,0,0,1,0,0.222222222,0.121001391,25,35
0,0,1,1,0,0,0,0,1,0,0,0,1,0,0.404040404,0.090403338,24,27
0,0,1,1,0,0,0,0,1,0,0,0,1,0,0.464646465,0.080667594,27,35
1,0,0,0,0,1,0,0,0,0,1,0,0,1,0.146464646,0.065368567,26,37
1,0,0,0,0,1,0,0,0,1,0,1,0,0,0.439393939,0.066759388,31,34
0,1,0,0,0,1,1,0,0,0,0,0,1,0,0.176767677,0.069541029,23,39
1,0,0,0,0,1,0,0,0,1,0,1,0,0,0.439393939,0.066759388,21,39
0,1,0,0,0,1,1,0,0,0,0,0,1,0,0.161616162,0.061196106,19,37
0,1,0,0,0,1,1,0,0,0,0,0,1,0,0.161616162,0.061196106,18,37
1,0,0,0,0,1,0,0,0,0,1,0,0,1,0.747474747,1,19,41
0,0,1,1,0,0,0,0,0,0,0,0,1,0,0.404040404,0.087621697,18,41
0,0,1,1,0,0,0,0,1,0,0,0,1,0,0.54040404,0.089012517,16,43
0,1,0,1,0,0,0,1,0,0,0,0,1,0,0.156565657,0.068150209,15,44
0,1,0,0,0,1,1,0,0,0,0,0,1,0,0.176767677,0.069541029,15,42
0,0,1,1,0,0,0,0,1,0,0,0,1,0,0.404040404,0.090403338,19,35
0,1,0,0,0,1,1,0,0,0,0,0,1,0,0.176767677,0.069541029,17,32
0,0,1,1,0,0,0,0,1,0,0,0,1,0,0.464646465,0.080667594,19,30
0,1,0,0,0,1,1,0,0,0,0,0,1,0,0.176767677,0.069541029,18,28
1,0,0,0,0,1,0,0,0,1,0,1,0,0,0.404040404,0.02364395,16,32
0,0,1,1,0,0,0,1,0,0,0,0,1,0,0.222222222,0.121001391,17,32
1,0,0,0,0,1,0,0,0,1,0,1,0,0,0.404040404,0.02364395,17,34
0,1,0,0,0,1,1,0,0,0,0,0,1,0,0,0.043115438,19,33
0,0,1,1,0,0,0,0,1,0,0,0,1,0,0.54040404,0.089012517,20,31
1,0,0,0,0,1,0,0,0,0,1,0,0,1,0.747474747,1,22,30
0,0,1,1,0,0,0,0,0,0,0,0,1,0,0.404040404,0.087621697,23,26
0,0,1,1,0,0,0,0,1,0,0,0,1,0,0.404040404,0.090403338,19,34
0,1,0,0,0,1,1,0,0,0,0,0,1,0,0,0.043115438,22,30
0,0,1,1,0,0,0,0,1,0,0,0,1,0,0.464646465,0.080667594,24,28
1,0,0,0,0,1,0,0,0,0,1,0,0,1,0.747474747,1,33,18
0,1,0,0,1,0,0,0,0,0,1,0,0,1,0.085858586,0.009735744,30,21
0,1,0,1,0,0,0,1,0,0,0,0,1,0,0.156565657,0.068150209,39,14
1,0,0,0,0,1,0,0,0,0,1,0,0,1,0.747474747,1,25,24
0,0,1,1,0,0,0,0,1,0,0,0,1,0,0.484848485,0.084840056,18,29
1,0,0,0,0,1,0,0,0,0,1,0,0,1,0.146464646,0.065368567,17,32
1,0,0,0,0,1,0,0,0,0,1,0,0,1,0.747474747,1,16,33
0,0,1,1,0,0,0,0,1,0,0,0,1,0,0.404040404,0.090403338,27,23
1,0,0,0,0,1,0,0,0,1,0,1,0,0,0.404040404,0.02364395,29,22
0,1,0,0,0,1,1,0,0,0,0,0,1,0,0.176767677,0.069541029,42,12
0,0,1,1,0,0,0,0,0,0,0,0,1,0,0.404040404,0.087621697,27,18
0,0,1,1,0,0,0,0,0,0,0,0,1,0,0.404040404,0.087621697,27,24
0,0,1,1,0,0,0,1,0,0,0,0,1,0,0.222222222,0.121001391,30,16
0,1,0,1,0,0,0,1,0,0,0,0,1,0,0.156565657,0.068150209,28,17
0,0,1,1,0,0,0,0,1,0,0,0,1,0,0.484848485,0.084840056,28,15
0,1,0,0,0,1,1,0,0,0,0,0,1,0,0.161616162,0.061196106,40,11
0,1,0,0,0,1,1,0,0,0,0,0,1,0,0.176767677,0.069541029,34,15
1,0,0,0,0,1,0,0,0,0,1,0,0,1,0.146464646,0.065368567,41,12
0,1,0,0,0,1,1,0,0,0,0,0,1,0,0.161616162,0.061196106,25,18
0,1,0,0,0,1,1,0,0,0,0,0,1,0,0.166666667,0.063977747,23,18
0,0,1,1,0,0,0,1,0,0,0,0,1,0,0.222222222,0.121001391,22,11
0,1,0,0,0,1,1,0,0,0,0,0,1,0,0,0.043115438,22,14
0,1,0,0,0,1,1,0,0,0,0,0,1,0,0.176767677,0.069541029,21,20
0,0,1,1,0,0,0,0,1,0,0,0,1,0,0.404040404,0.090403338,11,10
0,1,0,0,0,1,1,0,0,0,0,0,1,0,0.166666667,0.063977747,17,22
0,1,0,0,0,1,1,0,0,0,0,0,1,0,0.166666667,0.063977747,25,19
0,0,1,1,0,0,0,0,1,0,0,0,1,0,0.404040404,0.090403338,21,14
0,0,1,1,0,0,0,0,1,0,0,0,1,0,0.464646465,0.080667594,20,12
0,0,1,1,0,0,0,0,1,0,0,0,1,0,0.54040404,0.089012517,17,12
0,1,0,1,0,0,0,1,0,0,0,0,1,0,0.156565657,0.068150209,8,1
0,1,0,1,0,0,0,1,0,0,0,0,1,0,0.156565657,0.068150209,20,11
0,1,0,0,0,1,1,0,0,0,0,0,1,0,0.176767677,0.069541029,18,13
1,0,0,0,0,1,0,0,0,0,1,0,0,1,0.747474747,1,21,15
0,1,0,0,1,0,0,0,0,0,1,0,0,1,0.085858586,0.009735744,16,9
0,0,1,1,0,0,0,0,1,0,0,0,1,0,0.54040404,0.089012517,11,13
1,0,0,0,0,1,0,0,0,1,0,1,0,0,0.404040404,0.02364395,14,10
0,0,1,1,0,0,0,0,0,0,0,0,1,0,0.404040404,0.087621697,12,4
0,0,1,1,0,0,0,0,1,0,0,0,1,0,0.404040404,0.090403338,8,1
0,1,0,0,1,0,1,0,0,0,0,0,1,0,1,0,14,9
0,1,0,0,1,0,0,0,0,0,1,0,0,1,0.085858586,0.009735744,5,1
1,0,0,0,0,1,0,0,0,0,1,0,0,1,0.146464646,0.065368567,17,8
0,0,1,1,0,0,0,0,1,0,0,0,1,0,0.404040404,0.090403338,11,2
0,1,0,0,0,1,1,0,0,0,0,0,1,0,0.161616162,0.061196106,4,0
0,1,0,0,0,1,1,0,0,0,0,0,1,0,0.161616162,0.061196106,10,1
0,0,1,1,0,0,0,0,1,0,0,0,1,0,0.464646465,0.080667594,13,10
0,1,0,0,1,0,1,0,0,0,0,0,1,0,1,0,12,10
0,0,1,1,0,0,0,0,0,0,0,0,1,0,0.909090909,0.038942976,10,11
1,0,0,0,0,1,0,0,0,1,0,1,0,0,0.439393939,0.066759388,8,12
0,0,1,1,0,0,0,0,1,0,0,0,1,0,0.54040404,0.089012517,8,15
1,0,0,0,0,1,0,0,0,1,0,1,0,0,0.439393939,0.066759388,11,10
1,0,0,0,0,1,0,0,0,1,0,1,0,0,0.439393939,0.066759388,10,11
0,1,0,1,0,0,0,1,0,0,0,0,1,0,0.297979798,0.093184979,11,11
0,1,0,1,0,0,0,1,0,0,0,0,1,0,0.156565657,0.068150209,10,13
0,0,1,1,0,0,0,1,0,0,0,0,1,0,0.222222222,0.121001391,8,14
0,0,1,1,0,0,0,0,0,0,0,0,1,0,0.404040404,0.087621697,13,18
1,0,0,0,0,1,0,0,0,0,1,0,0,1,0.747474747,1,12,19
0,0,1,1,0,0,0,0,1,0,0,0,1,0,0.484848485,0.084840056,10,21
0,1,0,0,0,1,1,0,0,0,0,0,1,0,0.161616162,0.061196106,16,19
1,0,0,0,0,1,0,0,0,0,1,0,0,1,0.146464646,0.065368567,17,22
1,0,0,0,0,1,0,0,0,0,1,0,0,1,0.146464646,0.065368567,16,23
1,0,0,0,0,1,0,0,0,1,0,1,0,0,0.439393939,0.066759388,15,23
0,1,0,0,0,1,1,0,0,0,0,0,1,0,0.176767677,0.069541029,16,26
1,0,0,0,0,1,0,0,0,1,0,1,0,0,0.439393939,0.066759388,7,16
1,0,0,0,0,1,0,0,0,0,1,0,0,1,0.146464646,0.065368567,11,19
0,0,1,1,0,0,0,0,1,0,0,0,1,0,0.404040404,0.090403338,8,19
0,0,1,1,0,0,0,0,1,0,0,0,1,0,0.404040404,0.090403338,1,21
0,0,1,1,0,0,0,0,1,0,0,0,1,0,0.404040404,0.090403338,2,13
0,1,0,0,0,1,1,0,0,0,0,0,1,0,0,0.043115438,11,14
0,0,1,1,0,0,0,0,1,0,0,0,1,0,0.54040404,0.089012517,6,17
1,0,0,0,0,1,0,0,0,1,0,1,0,0,0.439393939,0.066759388,4,17
0,1,0,0,0,1,1,0,0,0,0,0,1,0,0,0.043115438,3,19
0,0,1,1,0,0,0,0,0,0,0,0,1,0,0.909090909,0.038942976,3,15
1,0,0,0,0,1,0,0,0,0,1,0,0,1,0.146464646,0.065368567,0,10
0,0,1,1,0,0,0,0,0,0,0,0,1,0,0.404040404,0.087621697,2,8
0,1,0,0,0,1,1,0,0,0,0,0,1,0,0.161616162,0.061196106,4,22
0,0,1,1,0,0,0,1,0,0,0,0,1,0,0.222222222,0.121001391,4,25
0,0,1,1,0,0,0,0,1,0,0,0,1,0,0.404040404,0.090403338,2,26
0,0,1,1,0,0,0,0,1,0,0,0,1,0,0.464646465,0.080667594,6,24
1,0,0,0,0,1,0,0,0,0,1,0,0,1,0.146464646,0.065368567,8,25
1,0,0,0,0,1,0,0,0,1,0,1,0,0,0.439393939,0.066759388,10,26
0,1,0,0,0,1,1,0,0,0,0,0,1,0,0.176767677,0.069541029,11,28
1,0,0,0,0,1,0,0,0,1,0,1,0,0,0.439393939,0.066759388,9,30
